,L1,L2,L3,L4,L5,M12
0.163834,0.307072,0.126198,-0.35795,-0.207587,-173780.
0.163834,0.307072,0.126198,-0.35795,-0.207587,-177828.
0.163834,0.307072,0.126198,-0.35795,-0.207587,-181970.
0.163834,0.307072,0.126198,-0.35795,-0.207587,-186209.
0.163834,0.307072,0.126198,-0.35795,-0.207587,-190546.
0.163834,0.307072,0.126198,-0.35795,-0.207587,-194984.
0.163834,0.307072,0.126198,-0.35795,-0.207587,-199526.
0.163834,0.307072,0.126198,-0.35795,-0.207587,-204174.
0.163834,0.307072,0.126198,-0.35795,-0.207587,-208930.
0.163834,0.307072,0.126198,-0.35795,-0.207587,-213796.
0.163834,0.307072,0.126198,-0.35795,-0.207587,-218776.
0.163834,0.307072,0.126198,-0.35795,-0.207587,-223872.
0.163834,0.307072,0.126198,-0.35795,-0.207587,-229087.
0.163834,0.307072,0.126198,-0.35795,-0.207587,-234423.
0.163834,0.307072,0.126198,-0.35795,-0.207587,-239883.
0.163834,0.307072,0.126198,-0.35795,-0.207587,-245471.
0.163834,0.307072,0.126198,-0.35795,-0.207587,-251189.
0.163834,0.307072,0.126198,-0.35795,-0.207587,-257040.
0.163834,0.307072,0.126198,-0.35795,-0.207587,-263027.
0.163834,0.307072,0.126198,-0.35795,-0.207587,-269153.
0.163834,0.307072,0.126198,-0.35795,-0.207587,-275423.
0.163914,0.307111,0.126283,-0.357231,-0.206237,-162181.
0.163914,0.307111,0.126283,-0.357231,-0.206237,-165959.
0.163914,0.307111,0.126283,-0.357231,-0.206237,-169824.
0.163914,0.307111,0.126283,-0.357231,-0.206237,-173780.
0.163914,0.307111,0.126283,-0.357231,-0.206237,-177828.
0.163914,0.307111,0.126283,-0.357231,-0.206237,-181970.
0.163914,0.307111,0.126283,-0.357231,-0.206237,-186209.
0.163914,0.307111,0.126283,-0.357231,-0.206237,-190546.
0.163914,0.307111,0.126283,-0.357231,-0.206237,-194984.
0.163914,0.307111,0.126283,-0.357231,-0.206237,-199526.
0.163914,0.307111,0.126283,-0.357231,-0.206237,-204174.
0.163914,0.307111,0.126283,-0.357231,-0.206237,-208930.
0.163914,0.307111,0.126283,-0.357231,-0.206237,-213796.
0.163914,0.307111,0.126283,-0.357231,-0.206237,-218776.
0.163914,0.307111,0.126283,-0.357231,-0.206237,-223872.
0.163914,0.307111,0.126283,-0.357231,-0.206237,-229087.
0.163914,0.307111,0.126283,-0.357231,-0.206237,-234423.
0.163914,0.307111,0.126283,-0.357231,-0.206237,-239883.
0.163914,0.307111,0.126283,-0.357231,-0.206237,-245471.
0.163993,0.30715,0.126368,-0.356517,-0.204889,-151356.
0.163993,0.30715,0.126368,-0.356517,-0.204889,-154882.
0.163993,0.30715,0.126368,-0.356517,-0.204889,-158489.
0.163993,0.30715,0.126368,-0.356517,-0.204889,-162181.
0.163993,0.30715,0.126368,-0.356517,-0.204889,-165959.
0.163993,0.30715,0.126368,-0.356517,-0.204889,-169824.
0.163993,0.30715,0.126368,-0.356517,-0.204889,-173780.
0.163993,0.30715,0.126368,-0.356517,-0.204889,-177828.
0.163993,0.30715,0.126368,-0.356517,-0.204889,-181970.
0.163993,0.30715,0.126368,-0.356517,-0.204889,-186209.
0.163993,0.30715,0.126368,-0.356517,-0.204889,-190546.
0.163993,0.30715,0.126368,-0.356517,-0.204889,-194984.
0.163993,0.30715,0.126368,-0.356517,-0.204889,-199526.
0.163993,0.30715,0.126368,-0.356517,-0.204889,-204174.
0.163993,0.30715,0.126368,-0.356517,-0.204889,-208930.
0.163993,0.30715,0.126368,-0.356517,-0.204889,-213796.
0.163993,0.30715,0.126368,-0.356517,-0.204889,-218776.
0.163993,0.30715,0.126368,-0.356517,-0.204889,-223872.
0.164072,0.307188,0.126452,-0.355809,-0.203546,-141254.
0.164072,0.307188,0.126452,-0.355809,-0.203546,-144544.
0.164072,0.307188,0.126452,-0.355809,-0.203546,-147911.
0.164072,0.307188,0.126452,-0.355809,-0.203546,-151356.
0.164072,0.307188,0.126452,-0.355809,-0.203546,-154882.
0.164072,0.307188,0.126452,-0.355809,-0.203546,-158489.
0.164072,0.307188,0.126452,-0.355809,-0.203546,-162181.
0.164072,0.307188,0.126452,-0.355809,-0.203546,-165959.
0.164072,0.307188,0.126452,-0.355809,-0.203546,-169824.
0.164072,0.307188,0.126452,-0.355809,-0.203546,-173780.
0.164072,0.307188,0.126452,-0.355809,-0.203546,-177828.
0.164072,0.307188,0.126452,-0.355809,-0.203546,-181970.
0.164072,0.307188,0.126452,-0.355809,-0.203546,-186209.
0.164072,0.307188,0.126452,-0.355809,-0.203546,-190546.
0.164072,0.307188,0.126452,-0.355809,-0.203546,-194984.
0.164072,0.307188,0.126452,-0.355809,-0.203546,-199526.
0.164072,0.307188,0.126452,-0.355809,-0.203546,-204174.
0.16415,0.307226,0.126536,-0.355106,-0.202206,-134896.
0.16415,0.307226,0.126536,-0.355106,-0.202206,-138038.
0.16415,0.307226,0.126536,-0.355106,-0.202206,-141254.
0.16415,0.307226,0.126536,-0.355106,-0.202206,-144544.
0.16415,0.307226,0.126536,-0.355106,-0.202206,-147911.
0.16415,0.307226,0.126536,-0.355106,-0.202206,-151356.
0.16415,0.307226,0.126536,-0.355106,-0.202206,-154882.
0.16415,0.307226,0.126536,-0.355106,-0.202206,-158489.
0.16415,0.307226,0.126536,-0.355106,-0.202206,-162181.
0.16415,0.307226,0.126536,-0.355106,-0.202206,-165959.
0.16415,0.307226,0.126536,-0.355106,-0.202206,-169824.
0.16415,0.307226,0.126536,-0.355106,-0.202206,-173780.
0.16415,0.307226,0.126536,-0.355106,-0.202206,-177828.
0.16415,0.307226,0.126536,-0.355106,-0.202206,-181970.
0.16415,0.307226,0.126536,-0.355106,-0.202206,-186209.
0.164227,0.307264,0.126618,-0.354408,-0.20087,-125893.
0.164227,0.307264,0.126618,-0.354408,-0.20087,-128825.
0.164227,0.307264,0.126618,-0.354408,-0.20087,-131826.
0.164227,0.307264,0.126618,-0.354408,-0.20087,-134896.
0.164227,0.307264,0.126618,-0.354408,-0.20087,-138038.
0.164227,0.307264,0.126618,-0.354408,-0.20087,-141254.
0.164227,0.307264,0.126618,-0.354408,-0.20087,-144544.
0.164227,0.307264,0.126618,-0.354408,-0.20087,-147911.
0.164227,0.307264,0.126618,-0.354408,-0.20087,-151356.
0.164227,0.307264,0.126618,-0.354408,-0.20087,-154882.
0.164227,0.307264,0.126618,-0.354408,-0.20087,-158489.
0.164227,0.307264,0.126618,-0.354408,-0.20087,-162181.
0.164227,0.307264,0.126618,-0.354408,-0.20087,-165959.
0.164227,0.307264,0.126618,-0.354408,-0.20087,-169824.
0.164227,0.307264,0.126618,-0.354408,-0.20087,-173780.
0.164303,0.307301,0.1267,-0.353715,-0.199537,-120226.
0.164303,0.307301,0.1267,-0.353715,-0.199537,-123027.
0.164303,0.307301,0.1267,-0.353715,-0.199537,-125893.
0.164303,0.307301,0.1267,-0.353715,-0.199537,-128825.
0.164303,0.307301,0.1267,-0.353715,-0.199537,-131826.
0.164303,0.307301,0.1267,-0.353715,-0.199537,-134896.
0.164303,0.307301,0.1267,-0.353715,-0.199537,-138038.
0.164303,0.307301,0.1267,-0.353715,-0.199537,-141254.
0.164303,0.307301,0.1267,-0.353715,-0.199537,-144544.
0.164303,0.307301,0.1267,-0.353715,-0.199537,-147911.
0.164303,0.307301,0.1267,-0.353715,-0.199537,-151356.
0.164303,0.307301,0.1267,-0.353715,-0.199537,-154882.
0.164303,0.307301,0.1267,-0.353715,-0.199537,-158489.
0.164303,0.307301,0.1267,-0.353715,-0.199537,-162181.
0.164379,0.307339,0.126781,-0.353028,-0.198208,-114815.
0.164379,0.307339,0.126781,-0.353028,-0.198208,-117490.
0.164379,0.307339,0.126781,-0.353028,-0.198208,-120226.
0.164379,0.307339,0.126781,-0.353028,-0.198208,-123027.
0.164379,0.307339,0.126781,-0.353028,-0.198208,-125893.
0.164379,0.307339,0.126781,-0.353028,-0.198208,-128825.
0.164379,0.307339,0.126781,-0.353028,-0.198208,-131826.
0.164379,0.307339,0.126781,-0.353028,-0.198208,-134896.
0.164379,0.307339,0.126781,-0.353028,-0.198208,-138038.
0.164379,0.307339,0.126781,-0.353028,-0.198208,-141254.
0.164379,0.307339,0.126781,-0.353028,-0.198208,-144544.
0.164379,0.307339,0.126781,-0.353028,-0.198208,-147911.
0.164379,0.307339,0.126781,-0.353028,-0.198208,-151356.
0.164455,0.307375,0.126861,-0.352346,-0.196883,-109648.
0.164455,0.307375,0.126861,-0.352346,-0.196883,-112202.
0.164455,0.307375,0.126861,-0.352346,-0.196883,-114815.
0.164455,0.307375,0.126861,-0.352346,-0.196883,-117490.
0.164455,0.307375,0.126861,-0.352346,-0.196883,-120226.
0.164455,0.307375,0.126861,-0.352346,-0.196883,-123027.
0.164455,0.307375,0.126861,-0.352346,-0.196883,-125893.
0.164455,0.307375,0.126861,-0.352346,-0.196883,-128825.
0.164455,0.307375,0.126861,-0.352346,-0.196883,-131826.
0.164455,0.307375,0.126861,-0.352346,-0.196883,-134896.
0.164455,0.307375,0.126861,-0.352346,-0.196883,-138038.
0.164455,0.307375,0.126861,-0.352346,-0.196883,-141254.
0.164529,0.307412,0.126941,-0.351669,-0.19556,-104713.
0.164529,0.307412,0.126941,-0.351669,-0.19556,-107152.
0.164529,0.307412,0.126941,-0.351669,-0.19556,-109648.
0.164529,0.307412,0.126941,-0.351669,-0.19556,-112202.
0.164529,0.307412,0.126941,-0.351669,-0.19556,-114815.
0.164529,0.307412,0.126941,-0.351669,-0.19556,-117490.
0.164529,0.307412,0.126941,-0.351669,-0.19556,-120226.
0.164529,0.307412,0.126941,-0.351669,-0.19556,-123027.
0.164529,0.307412,0.126941,-0.351669,-0.19556,-125893.
0.164529,0.307412,0.126941,-0.351669,-0.19556,-128825.
0.164529,0.307412,0.126941,-0.351669,-0.19556,-131826.
0.164529,0.307412,0.126941,-0.351669,-0.19556,-134896.
0.164604,0.307448,0.12702,-0.350998,-0.194242,-100000.
0.164604,0.307448,0.12702,-0.350998,-0.194242,-102329.
0.164604,0.307448,0.12702,-0.350998,-0.194242,-104713.
0.164604,0.307448,0.12702,-0.350998,-0.194242,-107152.
0.164604,0.307448,0.12702,-0.350998,-0.194242,-109648.
0.164604,0.307448,0.12702,-0.350998,-0.194242,-112202.
0.164604,0.307448,0.12702,-0.350998,-0.194242,-114815.
0.164604,0.307448,0.12702,-0.350998,-0.194242,-117490.
0.164604,0.307448,0.12702,-0.350998,-0.194242,-120226.
0.164604,0.307448,0.12702,-0.350998,-0.194242,-123027.
0.164604,0.307448,0.12702,-0.350998,-0.194242,-125893.
0.164677,0.307484,0.127098,-0.350331,-0.192926,-95499.3
0.164677,0.307484,0.127098,-0.350331,-0.192926,-97723.7
0.164677,0.307484,0.127098,-0.350331,-0.192926,-100000.
0.164677,0.307484,0.127098,-0.350331,-0.192926,-102329.
0.164677,0.307484,0.127098,-0.350331,-0.192926,-104713.
0.164677,0.307484,0.127098,-0.350331,-0.192926,-107152.
0.164677,0.307484,0.127098,-0.350331,-0.192926,-109648.
0.164677,0.307484,0.127098,-0.350331,-0.192926,-112202.
0.164677,0.307484,0.127098,-0.350331,-0.192926,-114815.
0.164677,0.307484,0.127098,-0.350331,-0.192926,-117490.
0.164677,0.307484,0.127098,-0.350331,-0.192926,-120226.
0.16475,0.307519,0.127175,-0.34967,-0.191614,-91201.1
0.16475,0.307519,0.127175,-0.34967,-0.191614,-93325.4
0.16475,0.307519,0.127175,-0.34967,-0.191614,-95499.3
0.16475,0.307519,0.127175,-0.34967,-0.191614,-97723.7
0.16475,0.307519,0.127175,-0.34967,-0.191614,-100000.
0.16475,0.307519,0.127175,-0.34967,-0.191614,-102329.
0.16475,0.307519,0.127175,-0.34967,-0.191614,-104713.
0.16475,0.307519,0.127175,-0.34967,-0.191614,-107152.
0.16475,0.307519,0.127175,-0.34967,-0.191614,-109648.
0.16475,0.307519,0.127175,-0.34967,-0.191614,-112202.
0.16475,0.307519,0.127175,-0.34967,-0.191614,-114815.
0.164822,0.307554,0.127252,-0.349013,-0.190306,-87096.4
0.164822,0.307554,0.127252,-0.349013,-0.190306,-89125.1
0.164822,0.307554,0.127252,-0.349013,-0.190306,-91201.1
0.164822,0.307554,0.127252,-0.349013,-0.190306,-93325.4
0.164822,0.307554,0.127252,-0.349013,-0.190306,-95499.3
0.164822,0.307554,0.127252,-0.349013,-0.190306,-97723.7
0.164822,0.307554,0.127252,-0.349013,-0.190306,-100000.
0.164822,0.307554,0.127252,-0.349013,-0.190306,-102329.
0.164822,0.307554,0.127252,-0.349013,-0.190306,-104713.
0.164822,0.307554,0.127252,-0.349013,-0.190306,-107152.
0.164894,0.307589,0.127328,-0.348362,-0.189,-85113.8
0.164894,0.307589,0.127328,-0.348362,-0.189,-87096.4
0.164894,0.307589,0.127328,-0.348362,-0.189,-89125.1
0.164894,0.307589,0.127328,-0.348362,-0.189,-91201.1
0.164894,0.307589,0.127328,-0.348362,-0.189,-93325.4
0.164894,0.307589,0.127328,-0.348362,-0.189,-95499.3
0.164894,0.307589,0.127328,-0.348362,-0.189,-97723.7
0.164894,0.307589,0.127328,-0.348362,-0.189,-100000.
0.164894,0.307589,0.127328,-0.348362,-0.189,-102329.
0.164965,0.307624,0.127403,-0.347716,-0.187698,-81283.1
0.164965,0.307624,0.127403,-0.347716,-0.187698,-83176.4
0.164965,0.307624,0.127403,-0.347716,-0.187698,-85113.8
0.164965,0.307624,0.127403,-0.347716,-0.187698,-87096.4
0.164965,0.307624,0.127403,-0.347716,-0.187698,-89125.1
0.164965,0.307624,0.127403,-0.347716,-0.187698,-91201.1
0.164965,0.307624,0.127403,-0.347716,-0.187698,-93325.4
0.164965,0.307624,0.127403,-0.347716,-0.187698,-95499.3
0.164965,0.307624,0.127403,-0.347716,-0.187698,-97723.7
0.164965,0.307624,0.127403,-0.347716,-0.187698,-100000.
0.165035,0.307658,0.127478,-0.347075,-0.1864,-79432.8
0.165035,0.307658,0.127478,-0.347075,-0.1864,-81283.1
0.165035,0.307658,0.127478,-0.347075,-0.1864,-83176.4
0.165035,0.307658,0.127478,-0.347075,-0.1864,-85113.8
0.165035,0.307658,0.127478,-0.347075,-0.1864,-87096.4
0.165035,0.307658,0.127478,-0.347075,-0.1864,-89125.1
0.165035,0.307658,0.127478,-0.347075,-0.1864,-91201.1
0.165035,0.307658,0.127478,-0.347075,-0.1864,-93325.4
0.165035,0.307658,0.127478,-0.347075,-0.1864,-95499.3
0.165105,0.307692,0.127551,-0.346438,-0.185104,-75857.8
0.165105,0.307692,0.127551,-0.346438,-0.185104,-77624.7
0.165105,0.307692,0.127551,-0.346438,-0.185104,-79432.8
0.165105,0.307692,0.127551,-0.346438,-0.185104,-81283.1
0.165105,0.307692,0.127551,-0.346438,-0.185104,-83176.4
0.165105,0.307692,0.127551,-0.346438,-0.185104,-85113.8
0.165105,0.307692,0.127551,-0.346438,-0.185104,-87096.4
0.165105,0.307692,0.127551,-0.346438,-0.185104,-89125.1
0.165105,0.307692,0.127551,-0.346438,-0.185104,-91201.1
0.165174,0.307726,0.127625,-0.345807,-0.183812,-74131.
0.165174,0.307726,0.127625,-0.345807,-0.183812,-75857.8
0.165174,0.307726,0.127625,-0.345807,-0.183812,-77624.7
0.165174,0.307726,0.127625,-0.345807,-0.183812,-79432.8
0.165174,0.307726,0.127625,-0.345807,-0.183812,-81283.1
0.165174,0.307726,0.127625,-0.345807,-0.183812,-83176.4
0.165174,0.307726,0.127625,-0.345807,-0.183812,-85113.8
0.165174,0.307726,0.127625,-0.345807,-0.183812,-87096.4
0.165243,0.307759,0.127697,-0.345181,-0.182523,-70794.6
0.165243,0.307759,0.127697,-0.345181,-0.182523,-72443.6
0.165243,0.307759,0.127697,-0.345181,-0.182523,-74131.
0.165243,0.307759,0.127697,-0.345181,-0.182523,-75857.8
0.165243,0.307759,0.127697,-0.345181,-0.182523,-77624.7
0.165243,0.307759,0.127697,-0.345181,-0.182523,-79432.8
0.165243,0.307759,0.127697,-0.345181,-0.182523,-81283.1
0.165243,0.307759,0.127697,-0.345181,-0.182523,-83176.4
0.165311,0.307792,0.127769,-0.34456,-0.181237,-69183.1
0.165311,0.307792,0.127769,-0.34456,-0.181237,-70794.6
0.165311,0.307792,0.127769,-0.34456,-0.181237,-72443.6
0.165311,0.307792,0.127769,-0.34456,-0.181237,-74131.
0.165311,0.307792,0.127769,-0.34456,-0.181237,-75857.8
0.165311,0.307792,0.127769,-0.34456,-0.181237,-77624.7
0.165311,0.307792,0.127769,-0.34456,-0.181237,-79432.8
0.165311,0.307792,0.127769,-0.34456,-0.181237,-81283.1
0.165378,0.307825,0.12784,-0.343943,-0.179954,-67608.3
0.165378,0.307825,0.12784,-0.343943,-0.179954,-69183.1
0.165378,0.307825,0.12784,-0.343943,-0.179954,-70794.6
0.165378,0.307825,0.12784,-0.343943,-0.179954,-72443.6
0.165378,0.307825,0.12784,-0.343943,-0.179954,-74131.
0.165378,0.307825,0.12784,-0.343943,-0.179954,-75857.8
0.165378,0.307825,0.12784,-0.343943,-0.179954,-77624.7
0.165445,0.307857,0.127911,-0.343332,-0.178674,-64565.4
0.165445,0.307857,0.127911,-0.343332,-0.178674,-66069.3
0.165445,0.307857,0.127911,-0.343332,-0.178674,-67608.3
0.165445,0.307857,0.127911,-0.343332,-0.178674,-69183.1
0.165445,0.307857,0.127911,-0.343332,-0.178674,-70794.6
0.165445,0.307857,0.127911,-0.343332,-0.178674,-72443.6
0.165445,0.307857,0.127911,-0.343332,-0.178674,-74131.
0.165445,0.307857,0.127911,-0.343332,-0.178674,-75857.8
0.165512,0.30789,0.12798,-0.342725,-0.177397,-63095.7
0.165512,0.30789,0.12798,-0.342725,-0.177397,-64565.4
0.165512,0.30789,0.12798,-0.342725,-0.177397,-66069.3
0.165512,0.30789,0.12798,-0.342725,-0.177397,-67608.3
0.165512,0.30789,0.12798,-0.342725,-0.177397,-69183.1
0.165512,0.30789,0.12798,-0.342725,-0.177397,-70794.6
0.165512,0.30789,0.12798,-0.342725,-0.177397,-72443.6
0.165577,0.307922,0.128049,-0.342123,-0.176123,-61659.5
0.165577,0.307922,0.128049,-0.342123,-0.176123,-63095.7
0.165577,0.307922,0.128049,-0.342123,-0.176123,-64565.4
0.165577,0.307922,0.128049,-0.342123,-0.176123,-66069.3
0.165577,0.307922,0.128049,-0.342123,-0.176123,-67608.3
0.165577,0.307922,0.128049,-0.342123,-0.176123,-69183.1
0.165577,0.307922,0.128049,-0.342123,-0.176123,-70794.6
0.165643,0.307953,0.128118,-0.341526,-0.174853,-60256.
0.165643,0.307953,0.128118,-0.341526,-0.174853,-61659.5
0.165643,0.307953,0.128118,-0.341526,-0.174853,-63095.7
0.165643,0.307953,0.128118,-0.341526,-0.174853,-64565.4
0.165643,0.307953,0.128118,-0.341526,-0.174853,-66069.3
0.165643,0.307953,0.128118,-0.341526,-0.174853,-67608.3
0.165643,0.307953,0.128118,-0.341526,-0.174853,-69183.1
0.165707,0.307984,0.128186,-0.340934,-0.173585,-58884.4
0.165707,0.307984,0.128186,-0.340934,-0.173585,-60256.
0.165707,0.307984,0.128186,-0.340934,-0.173585,-61659.5
0.165707,0.307984,0.128186,-0.340934,-0.173585,-63095.7
0.165707,0.307984,0.128186,-0.340934,-0.173585,-64565.4
0.165707,0.307984,0.128186,-0.340934,-0.173585,-66069.3
0.165771,0.308015,0.128253,-0.340346,-0.17232,-56234.1
0.165771,0.308015,0.128253,-0.340346,-0.17232,-57544.
0.165771,0.308015,0.128253,-0.340346,-0.17232,-58884.4
0.165771,0.308015,0.128253,-0.340346,-0.17232,-60256.
0.165771,0.308015,0.128253,-0.340346,-0.17232,-61659.5
0.165771,0.308015,0.128253,-0.340346,-0.17232,-63095.7
0.165771,0.308015,0.128253,-0.340346,-0.17232,-64565.4
0.165835,0.308046,0.128319,-0.339763,-0.171058,-54954.1
0.165835,0.308046,0.128319,-0.339763,-0.171058,-56234.1
0.165835,0.308046,0.128319,-0.339763,-0.171058,-57544.
0.165835,0.308046,0.128319,-0.339763,-0.171058,-58884.4
0.165835,0.308046,0.128319,-0.339763,-0.171058,-60256.
0.165835,0.308046,0.128319,-0.339763,-0.171058,-61659.5
0.165835,0.308046,0.128319,-0.339763,-0.171058,-63095.7
0.165898,0.308077,0.128385,-0.339186,-0.169799,-53703.2
0.165898,0.308077,0.128385,-0.339186,-0.169799,-54954.1
0.165898,0.308077,0.128385,-0.339186,-0.169799,-56234.1
0.165898,0.308077,0.128385,-0.339186,-0.169799,-57544.
0.165898,0.308077,0.128385,-0.339186,-0.169799,-58884.4
0.165898,0.308077,0.128385,-0.339186,-0.169799,-60256.
0.165898,0.308077,0.128385,-0.339186,-0.169799,-61659.5
0.16596,0.308107,0.128451,-0.338612,-0.168543,-52480.7
0.16596,0.308107,0.128451,-0.338612,-0.168543,-53703.2
0.16596,0.308107,0.128451,-0.338612,-0.168543,-54954.1
0.16596,0.308107,0.128451,-0.338612,-0.168543,-56234.1
0.16596,0.308107,0.128451,-0.338612,-0.168543,-57544.
0.16596,0.308107,0.128451,-0.338612,-0.168543,-58884.4
0.166022,0.308137,0.128515,-0.338044,-0.167289,-51286.1
0.166022,0.308137,0.128515,-0.338044,-0.167289,-52480.7
0.166022,0.308137,0.128515,-0.338044,-0.167289,-53703.2
0.166022,0.308137,0.128515,-0.338044,-0.167289,-54954.1
0.166022,0.308137,0.128515,-0.338044,-0.167289,-56234.1
0.166022,0.308137,0.128515,-0.338044,-0.167289,-57544.
0.166083,0.308166,0.128579,-0.33748,-0.166039,-50118.7
0.166083,0.308166,0.128579,-0.33748,-0.166039,-51286.1
0.166083,0.308166,0.128579,-0.33748,-0.166039,-52480.7
0.166083,0.308166,0.128579,-0.33748,-0.166039,-53703.2
0.166083,0.308166,0.128579,-0.33748,-0.166039,-54954.1
0.166083,0.308166,0.128579,-0.33748,-0.166039,-56234.1
0.166144,0.308196,0.128643,-0.336921,-0.164791,-48977.9
0.166144,0.308196,0.128643,-0.336921,-0.164791,-50118.7
0.166144,0.308196,0.128643,-0.336921,-0.164791,-51286.1
0.166144,0.308196,0.128643,-0.336921,-0.164791,-52480.7
0.166144,0.308196,0.128643,-0.336921,-0.164791,-53703.2
0.166144,0.308196,0.128643,-0.336921,-0.164791,-54954.1
0.166204,0.308225,0.128706,-0.336366,-0.163546,-47863.
0.166204,0.308225,0.128706,-0.336366,-0.163546,-48977.9
0.166204,0.308225,0.128706,-0.336366,-0.163546,-50118.7
0.166204,0.308225,0.128706,-0.336366,-0.163546,-51286.1
0.166204,0.308225,0.128706,-0.336366,-0.163546,-52480.7
0.166204,0.308225,0.128706,-0.336366,-0.163546,-53703.2
0.166264,0.308254,0.128768,-0.335816,-0.162304,-46773.5
0.166264,0.308254,0.128768,-0.335816,-0.162304,-47863.
0.166264,0.308254,0.128768,-0.335816,-0.162304,-48977.9
0.166264,0.308254,0.128768,-0.335816,-0.162304,-50118.7
0.166264,0.308254,0.128768,-0.335816,-0.162304,-51286.1
0.166264,0.308254,0.128768,-0.335816,-0.162304,-52480.7
0.166323,0.308282,0.128829,-0.335271,-0.161064,-45708.8
0.166323,0.308282,0.128829,-0.335271,-0.161064,-46773.5
0.166323,0.308282,0.128829,-0.335271,-0.161064,-47863.
0.166323,0.308282,0.128829,-0.335271,-0.161064,-48977.9
0.166323,0.308282,0.128829,-0.335271,-0.161064,-50118.7
0.166323,0.308282,0.128829,-0.335271,-0.161064,-51286.1
0.166382,0.30831,0.12889,-0.33473,-0.159827,-44668.4
0.166382,0.30831,0.12889,-0.33473,-0.159827,-45708.8
0.166382,0.30831,0.12889,-0.33473,-0.159827,-46773.5
0.166382,0.30831,0.12889,-0.33473,-0.159827,-47863.
0.166382,0.30831,0.12889,-0.33473,-0.159827,-48977.9
0.166382,0.30831,0.12889,-0.33473,-0.159827,-50118.7
0.16644,0.308338,0.128951,-0.334194,-0.158593,-44668.4
0.16644,0.308338,0.128951,-0.334194,-0.158593,-45708.8
0.16644,0.308338,0.128951,-0.334194,-0.158593,-46773.5
0.16644,0.308338,0.128951,-0.334194,-0.158593,-47863.
0.16644,0.308338,0.128951,-0.334194,-0.158593,-48977.9
0.166497,0.308366,0.12901,-0.333662,-0.157361,-43651.6
0.166497,0.308366,0.12901,-0.333662,-0.157361,-44668.4
0.166497,0.308366,0.12901,-0.333662,-0.157361,-45708.8
0.166497,0.308366,0.12901,-0.333662,-0.157361,-46773.5
0.166497,0.308366,0.12901,-0.333662,-0.157361,-47863.
0.166554,0.308394,0.12907,-0.333135,-0.156132,-42658.
0.166554,0.308394,0.12907,-0.333135,-0.156132,-43651.6
0.166554,0.308394,0.12907,-0.333135,-0.156132,-44668.4
0.166554,0.308394,0.12907,-0.333135,-0.156132,-45708.8
0.166554,0.308394,0.12907,-0.333135,-0.156132,-46773.5
0.166611,0.308421,0.129128,-0.332612,-0.154906,-41686.9
0.166611,0.308421,0.129128,-0.332612,-0.154906,-42658.
0.166611,0.308421,0.129128,-0.332612,-0.154906,-43651.6
0.166611,0.308421,0.129128,-0.332612,-0.154906,-44668.4
0.166611,0.308421,0.129128,-0.332612,-0.154906,-45708.8
0.166667,0.308448,0.129186,-0.332094,-0.153682,-40738.
0.166667,0.308448,0.129186,-0.332094,-0.153682,-41686.9
0.166667,0.308448,0.129186,-0.332094,-0.153682,-42658.
0.166667,0.308448,0.129186,-0.332094,-0.153682,-43651.6
0.166667,0.308448,0.129186,-0.332094,-0.153682,-44668.4
0.166722,0.308474,0.129244,-0.33158,-0.152461,-39810.7
0.166722,0.308474,0.129244,-0.33158,-0.152461,-40738.
0.166722,0.308474,0.129244,-0.33158,-0.152461,-41686.9
0.166722,0.308474,0.129244,-0.33158,-0.152461,-42658.
0.166722,0.308474,0.129244,-0.33158,-0.152461,-43651.6
0.166777,0.308501,0.129301,-0.331071,-0.151242,-39810.7
0.166777,0.308501,0.129301,-0.331071,-0.151242,-40738.
0.166777,0.308501,0.129301,-0.331071,-0.151242,-41686.9
0.166777,0.308501,0.129301,-0.331071,-0.151242,-42658.
0.166832,0.308527,0.129357,-0.330566,-0.150026,-38904.5
0.166832,0.308527,0.129357,-0.330566,-0.150026,-39810.7
0.166832,0.308527,0.129357,-0.330566,-0.150026,-40738.
0.166832,0.308527,0.129357,-0.330566,-0.150026,-41686.9
0.166832,0.308527,0.129357,-0.330566,-0.150026,-42658.
0.166886,0.308553,0.129413,-0.330066,-0.148812,-38018.9
0.166886,0.308553,0.129413,-0.330066,-0.148812,-38904.5
0.166886,0.308553,0.129413,-0.330066,-0.148812,-39810.7
0.166886,0.308553,0.129413,-0.330066,-0.148812,-40738.
0.166886,0.308553,0.129413,-0.330066,-0.148812,-41686.9
0.166939,0.308579,0.129468,-0.32957,-0.1476,-37153.5
0.166939,0.308579,0.129468,-0.32957,-0.1476,-38018.9
0.166939,0.308579,0.129468,-0.32957,-0.1476,-38904.5
0.166939,0.308579,0.129468,-0.32957,-0.1476,-39810.7
0.166939,0.308579,0.129468,-0.32957,-0.1476,-40738.
0.166992,0.308604,0.129522,-0.329078,-0.146391,-37153.5
0.166992,0.308604,0.129522,-0.329078,-0.146391,-38018.9
0.166992,0.308604,0.129522,-0.329078,-0.146391,-38904.5
0.166992,0.308604,0.129522,-0.329078,-0.146391,-39810.7
0.167044,0.308629,0.129577,-0.328591,-0.145185,-36307.8
0.167044,0.308629,0.129577,-0.328591,-0.145185,-37153.5
0.167044,0.308629,0.129577,-0.328591,-0.145185,-38018.9
0.167044,0.308629,0.129577,-0.328591,-0.145185,-38904.5
0.167096,0.308654,0.12963,-0.328108,-0.14398,-35481.3
0.167096,0.308654,0.12963,-0.328108,-0.14398,-36307.8
0.167096,0.308654,0.12963,-0.328108,-0.14398,-37153.5
0.167096,0.308654,0.12963,-0.328108,-0.14398,-38018.9
0.167096,0.308654,0.12963,-0.328108,-0.14398,-38904.5
0.167148,0.308679,0.129683,-0.327629,-0.142778,-34673.7
0.167148,0.308679,0.129683,-0.327629,-0.142778,-35481.3
0.167148,0.308679,0.129683,-0.327629,-0.142778,-36307.8
0.167148,0.308679,0.129683,-0.327629,-0.142778,-37153.5
0.167148,0.308679,0.129683,-0.327629,-0.142778,-38018.9
0.167199,0.308703,0.129735,-0.327155,-0.141579,-34673.7
0.167199,0.308703,0.129735,-0.327155,-0.141579,-35481.3
0.167199,0.308703,0.129735,-0.327155,-0.141579,-36307.8
0.167199,0.308703,0.129735,-0.327155,-0.141579,-37153.5
0.167249,0.308727,0.129787,-0.326685,-0.140381,-33884.4
0.167249,0.308727,0.129787,-0.326685,-0.140381,-34673.7
0.167249,0.308727,0.129787,-0.326685,-0.140381,-35481.3
0.167249,0.308727,0.129787,-0.326685,-0.140381,-36307.8
0.167299,0.308751,0.129839,-0.326219,-0.139186,-33113.1
0.167299,0.308751,0.129839,-0.326219,-0.139186,-33884.4
0.167299,0.308751,0.129839,-0.326219,-0.139186,-34673.7
0.167299,0.308751,0.129839,-0.326219,-0.139186,-35481.3
0.167299,0.308751,0.129839,-0.326219,-0.139186,-36307.8
0.167349,0.308775,0.12989,-0.325758,-0.137993,-33113.1
0.167349,0.308775,0.12989,-0.325758,-0.137993,-33884.4
0.167349,0.308775,0.12989,-0.325758,-0.137993,-34673.7
0.167349,0.308775,0.12989,-0.325758,-0.137993,-35481.3
0.167398,0.308799,0.12994,-0.325301,-0.136803,-32359.4
0.167398,0.308799,0.12994,-0.325301,-0.136803,-33113.1
0.167398,0.308799,0.12994,-0.325301,-0.136803,-33884.4
0.167398,0.308799,0.12994,-0.325301,-0.136803,-34673.7
0.167446,0.308822,0.12999,-0.324848,-0.135614,-31622.8
0.167446,0.308822,0.12999,-0.324848,-0.135614,-32359.4
0.167446,0.308822,0.12999,-0.324848,-0.135614,-33113.1
0.167446,0.308822,0.12999,-0.324848,-0.135614,-33884.4
0.167494,0.308845,0.130039,-0.324399,-0.134428,-31622.8
0.167494,0.308845,0.130039,-0.324399,-0.134428,-32359.4
0.167494,0.308845,0.130039,-0.324399,-0.134428,-33113.1
0.167494,0.308845,0.130039,-0.324399,-0.134428,-33884.4
0.167542,0.308867,0.130088,-0.323955,-0.133244,-30903.
0.167542,0.308867,0.130088,-0.323955,-0.133244,-31622.8
0.167542,0.308867,0.130088,-0.323955,-0.133244,-32359.4
0.167542,0.308867,0.130088,-0.323955,-0.133244,-33113.1
0.167589,0.30889,0.130136,-0.323515,-0.132062,-30903.
0.167589,0.30889,0.130136,-0.323515,-0.132062,-31622.8
0.167589,0.30889,0.130136,-0.323515,-0.132062,-32359.4
0.167635,0.308912,0.130183,-0.323079,-0.130882,-30199.5
0.167635,0.308912,0.130183,-0.323079,-0.130882,-30903.
0.167635,0.308912,0.130183,-0.323079,-0.130882,-31622.8
0.167635,0.308912,0.130183,-0.323079,-0.130882,-32359.4
0.167682,0.308934,0.130231,-0.322647,-0.129704,-29512.1
0.167682,0.308934,0.130231,-0.322647,-0.129704,-30199.5
0.167682,0.308934,0.130231,-0.322647,-0.129704,-30903.
0.167682,0.308934,0.130231,-0.322647,-0.129704,-31622.8
0.167727,0.308956,0.130277,-0.322219,-0.128529,-29512.1
0.167727,0.308956,0.130277,-0.322219,-0.128529,-30199.5
0.167727,0.308956,0.130277,-0.322219,-0.128529,-30903.
0.167727,0.308956,0.130277,-0.322219,-0.128529,-31622.8
0.167772,0.308978,0.130323,-0.321795,-0.127355,-28840.3
0.167772,0.308978,0.130323,-0.321795,-0.127355,-29512.1
0.167772,0.308978,0.130323,-0.321795,-0.127355,-30199.5
0.167772,0.308978,0.130323,-0.321795,-0.127355,-30903.
0.167817,0.308999,0.130369,-0.321376,-0.126183,-28840.3
0.167817,0.308999,0.130369,-0.321376,-0.126183,-29512.1
0.167817,0.308999,0.130369,-0.321376,-0.126183,-30199.5
0.167861,0.30902,0.130414,-0.320961,-0.125014,-28183.8
0.167861,0.30902,0.130414,-0.320961,-0.125014,-28840.3
0.167861,0.30902,0.130414,-0.320961,-0.125014,-29512.1
0.167861,0.30902,0.130414,-0.320961,-0.125014,-30199.5
0.167905,0.309041,0.130459,-0.320549,-0.123846,-27542.3
0.167905,0.309041,0.130459,-0.320549,-0.123846,-28183.8
0.167905,0.309041,0.130459,-0.320549,-0.123846,-28840.3
0.167905,0.309041,0.130459,-0.320549,-0.123846,-29512.1
0.167949,0.309062,0.130503,-0.320142,-0.12268,-27542.3
0.167949,0.309062,0.130503,-0.320142,-0.12268,-28183.8
0.167949,0.309062,0.130503,-0.320142,-0.12268,-28840.3
0.167992,0.309082,0.130547,-0.319739,-0.121517,-26915.3
0.167992,0.309082,0.130547,-0.319739,-0.121517,-27542.3
0.167992,0.309082,0.130547,-0.319739,-0.121517,-28183.8
0.167992,0.309082,0.130547,-0.319739,-0.121517,-28840.3
0.168034,0.309103,0.13059,-0.31934,-0.120355,-26915.3
0.168034,0.309103,0.13059,-0.31934,-0.120355,-27542.3
0.168034,0.309103,0.13059,-0.31934,-0.120355,-28183.8
0.168076,0.309123,0.130633,-0.318945,-0.119195,-26302.7
0.168076,0.309123,0.130633,-0.318945,-0.119195,-26915.3
0.168076,0.309123,0.130633,-0.318945,-0.119195,-27542.3
0.168076,0.309123,0.130633,-0.318945,-0.119195,-28183.8
0.168118,0.309142,0.130675,-0.318554,-0.118037,-26302.7
0.168118,0.309142,0.130675,-0.318554,-0.118037,-26915.3
0.168118,0.309142,0.130675,-0.318554,-0.118037,-27542.3
0.168159,0.309162,0.130717,-0.318167,-0.116881,-25704.
0.168159,0.309162,0.130717,-0.318167,-0.116881,-26302.7
0.168159,0.309162,0.130717,-0.318167,-0.116881,-26915.3
0.168159,0.309162,0.130717,-0.318167,-0.116881,-27542.3
0.1682,0.309181,0.130758,-0.317784,-0.115726,-25704.
0.1682,0.309181,0.130758,-0.317784,-0.115726,-26302.7
0.1682,0.309181,0.130758,-0.317784,-0.115726,-26915.3
0.16824,0.309201,0.130799,-0.317405,-0.114574,-25118.9
0.16824,0.309201,0.130799,-0.317405,-0.114574,-25704.
0.16824,0.309201,0.130799,-0.317405,-0.114574,-26302.7
0.16824,0.309201,0.130799,-0.317405,-0.114574,-26915.3
0.16828,0.30922,0.130839,-0.317031,-0.113423,-25118.9
0.16828,0.30922,0.130839,-0.317031,-0.113423,-25704.
0.16828,0.30922,0.130839,-0.317031,-0.113423,-26302.7
0.168319,0.309238,0.130879,-0.31666,-0.112274,-24547.1
0.168319,0.309238,0.130879,-0.31666,-0.112274,-25118.9
0.168319,0.309238,0.130879,-0.31666,-0.112274,-25704.
0.168358,0.309257,0.130918,-0.316293,-0.111127,-24547.1
0.168358,0.309257,0.130918,-0.316293,-0.111127,-25118.9
0.168358,0.309257,0.130918,-0.316293,-0.111127,-25704.
0.168396,0.309275,0.130957,-0.31593,-0.109981,-23988.3
0.168396,0.309275,0.130957,-0.31593,-0.109981,-24547.1
0.168396,0.309275,0.130957,-0.31593,-0.109981,-25118.9
0.168434,0.309293,0.130996,-0.315571,-0.108838,-23988.3
0.168434,0.309293,0.130996,-0.315571,-0.108838,-24547.1
0.168434,0.309293,0.130996,-0.315571,-0.108838,-25118.9
0.168472,0.309311,0.131034,-0.315215,-0.107696,-23442.3
0.168472,0.309311,0.131034,-0.315215,-0.107696,-23988.3
0.168472,0.309311,0.131034,-0.315215,-0.107696,-24547.1
0.168509,0.309329,0.131071,-0.314864,-0.106555,-23442.3
0.168509,0.309329,0.131071,-0.314864,-0.106555,-23988.3
0.168509,0.309329,0.131071,-0.314864,-0.106555,-24547.1
0.168546,0.309346,0.131108,-0.314517,-0.105416,-22908.7
0.168546,0.309346,0.131108,-0.314517,-0.105416,-23442.3
0.168546,0.309346,0.131108,-0.314517,-0.105416,-23988.3
0.168582,0.309363,0.131145,-0.314173,-0.104279,-22908.7
0.168582,0.309363,0.131145,-0.314173,-0.104279,-23442.3
0.168582,0.309363,0.131145,-0.314173,-0.104279,-23988.3
0.168618,0.30938,0.131181,-0.313834,-0.103144,-22387.2
0.168618,0.30938,0.131181,-0.313834,-0.103144,-22908.7
0.168618,0.30938,0.131181,-0.313834,-0.103144,-23442.3
0.168618,0.30938,0.131181,-0.313834,-0.103144,-23988.3
0.168654,0.309397,0.131217,-0.313498,-0.10201,-22387.2
0.168654,0.309397,0.131217,-0.313498,-0.10201,-22908.7
0.168654,0.309397,0.131217,-0.313498,-0.10201,-23442.3
0.168689,0.309414,0.131252,-0.313166,-0.100878,-22387.2
0.168689,0.309414,0.131252,-0.313166,-0.100878,-22908.7
0.168689,0.309414,0.131252,-0.313166,-0.100878,-23442.3
0.168723,0.30943,0.131287,-0.312838,-0.0997467,-21877.6
0.168723,0.30943,0.131287,-0.312838,-0.0997467,-22387.2
0.168723,0.30943,0.131287,-0.312838,-0.0997467,-22908.7
0.168758,0.309447,0.131321,-0.312514,-0.0986175,-21877.6
0.168758,0.309447,0.131321,-0.312514,-0.0986175,-22387.2
0.168758,0.309447,0.131321,-0.312514,-0.0986175,-22908.7
0.168791,0.309463,0.131355,-0.312194,-0.0974898,-21379.6
0.168791,0.309463,0.131355,-0.312194,-0.0974898,-21877.6
0.168791,0.309463,0.131355,-0.312194,-0.0974898,-22387.2
0.168825,0.309478,0.131389,-0.311878,-0.0963636,-21379.6
0.168825,0.309478,0.131389,-0.311878,-0.0963636,-21877.6
0.168825,0.309478,0.131389,-0.311878,-0.0963636,-22387.2
0.168858,0.309494,0.131422,-0.311565,-0.0952388,-20893.
0.168858,0.309494,0.131422,-0.311565,-0.0952388,-21379.6
0.168858,0.309494,0.131422,-0.311565,-0.0952388,-21877.6
0.16889,0.30951,0.131455,-0.311256,-0.0941155,-20893.
0.16889,0.30951,0.131455,-0.311256,-0.0941155,-21379.6
0.16889,0.30951,0.131455,-0.311256,-0.0941155,-21877.6
0.168922,0.309525,0.131487,-0.310951,-0.0929937,-20893.
0.168922,0.309525,0.131487,-0.310951,-0.0929937,-21379.6
0.168954,0.30954,0.131519,-0.31065,-0.0918733,-20417.4
0.168954,0.30954,0.131519,-0.31065,-0.0918733,-20893.
0.168954,0.30954,0.131519,-0.31065,-0.0918733,-21379.6
0.168986,0.309555,0.13155,-0.310352,-0.0907543,-20417.4
0.168986,0.309555,0.13155,-0.310352,-0.0907543,-20893.
0.168986,0.309555,0.13155,-0.310352,-0.0907543,-21379.6
0.169016,0.309569,0.131581,-0.310059,-0.0896366,-19952.6
0.169016,0.309569,0.131581,-0.310059,-0.0896366,-20417.4
0.169016,0.309569,0.131581,-0.310059,-0.0896366,-20893.
0.169047,0.309584,0.131612,-0.309769,-0.0885204,-19952.6
0.169047,0.309584,0.131612,-0.309769,-0.0885204,-20417.4
0.169047,0.309584,0.131612,-0.309769,-0.0885204,-20893.
0.169077,0.309598,0.131642,-0.309482,-0.0874055,-19952.6
0.169077,0.309598,0.131642,-0.309482,-0.0874055,-20417.4
0.169107,0.309612,0.131672,-0.3092,-0.0862919,-19498.4
0.169107,0.309612,0.131672,-0.3092,-0.0862919,-19952.6
0.169107,0.309612,0.131672,-0.3092,-0.0862919,-20417.4
0.169136,0.309626,0.131701,-0.308921,-0.0851797,-19498.4
0.169136,0.309626,0.131701,-0.308921,-0.0851797,-19952.6
0.169136,0.309626,0.131701,-0.308921,-0.0851797,-20417.4
0.169165,0.309639,0.13173,-0.308646,-0.0840687,-19054.6
0.169165,0.309639,0.13173,-0.308646,-0.0840687,-19498.4
0.169165,0.309639,0.13173,-0.308646,-0.0840687,-19952.6
0.169194,0.309653,0.131758,-0.308375,-0.082959,-19054.6
0.169194,0.309653,0.131758,-0.308375,-0.082959,-19498.4
0.169194,0.309653,0.131758,-0.308375,-0.082959,-19952.6
0.169222,0.309666,0.131786,-0.308107,-0.0818506,-19054.6
0.169222,0.309666,0.131786,-0.308107,-0.0818506,-19498.4
0.169249,0.309679,0.131814,-0.307843,-0.0807434,-18620.9
0.169249,0.309679,0.131814,-0.307843,-0.0807434,-19054.6
0.169249,0.309679,0.131814,-0.307843,-0.0807434,-19498.4
0.169277,0.309692,0.131841,-0.307583,-0.0796374,-18620.9
0.169277,0.309692,0.131841,-0.307583,-0.0796374,-19054.6
0.169277,0.309692,0.131841,-0.307583,-0.0796374,-19498.4
0.169304,0.309705,0.131868,-0.307326,-0.0785327,-18620.9
0.169304,0.309705,0.131868,-0.307326,-0.0785327,-19054.6
0.16933,0.309717,0.131895,-0.307074,-0.0774291,-18197.
0.16933,0.309717,0.131895,-0.307074,-0.0774291,-18620.9
0.16933,0.309717,0.131895,-0.307074,-0.0774291,-19054.6
0.169356,0.30973,0.131921,-0.306824,-0.0763267,-18197.
0.169356,0.30973,0.131921,-0.306824,-0.0763267,-18620.9
0.169356,0.30973,0.131921,-0.306824,-0.0763267,-19054.6
0.169382,0.309742,0.131946,-0.306579,-0.0752254,-18197.
0.169382,0.309742,0.131946,-0.306579,-0.0752254,-18620.9
