L1,L2,L3,L4,L5,M12,tb
0.134761,0.2956,0.0417317,-0.08504,-0.345209,-70794.6,2.07321
0.134761,0.2956,0.0417317,-0.08504,-0.345209,-72443.6,2.07321
0.134761,0.2956,0.0417317,-0.08504,-0.345209,-74131.,2.07321
0.134761,0.2956,0.0417317,-0.08504,-0.345209,-75857.8,2.07321
0.134761,0.2956,0.0417317,-0.08504,-0.345209,-77624.7,2.07321
0.134761,0.2956,0.0417317,-0.08504,-0.345209,-79432.8,2.07321
0.134761,0.2956,0.0417317,-0.08504,-0.345209,-81283.1,2.07321
0.134761,0.2956,0.0417317,-0.08504,-0.345209,-83176.4,2.07321
0.134844,0.295635,0.0417763,-0.084092,-0.344251,-67608.3,2.07321
0.134844,0.295635,0.0417763,-0.084092,-0.344251,-69183.1,2.07321
0.134844,0.295635,0.0417763,-0.084092,-0.344251,-70794.6,2.07321
0.134844,0.295635,0.0417763,-0.084092,-0.344251,-72443.6,2.07321
0.134844,0.295635,0.0417763,-0.084092,-0.344251,-74131.,2.07321
0.134844,0.295635,0.0417763,-0.084092,-0.344251,-75857.8,2.07321
0.134844,0.295635,0.0417763,-0.084092,-0.344251,-77624.7,2.07321
0.134844,0.295635,0.0417763,-0.084092,-0.344251,-79432.8,2.07321
0.134926,0.295669,0.0418203,-0.0831479,-0.343298,-66069.3,2.07321
0.134926,0.295669,0.0418203,-0.0831479,-0.343298,-67608.3,2.07321
0.134926,0.295669,0.0418203,-0.0831479,-0.343298,-69183.1,2.07321
0.134926,0.295669,0.0418203,-0.0831479,-0.343298,-70794.6,2.07321
0.134926,0.295669,0.0418203,-0.0831479,-0.343298,-72443.6,2.07321
0.134926,0.295669,0.0418203,-0.0831479,-0.343298,-74131.,2.07321
0.134926,0.295669,0.0418203,-0.0831479,-0.343298,-75857.8,2.07321
0.134926,0.295669,0.0418203,-0.0831479,-0.343298,-77624.7,2.07321
0.135008,0.295704,0.0418638,-0.0822078,-0.342348,-64565.4,2.07321
0.135008,0.295704,0.0418638,-0.0822078,-0.342348,-66069.3,2.07321
0.135008,0.295704,0.0418638,-0.0822078,-0.342348,-67608.3,2.07321
0.135008,0.295704,0.0418638,-0.0822078,-0.342348,-69183.1,2.07321
0.135008,0.295704,0.0418638,-0.0822078,-0.342348,-70794.6,2.07321
0.135008,0.295704,0.0418638,-0.0822078,-0.342348,-72443.6,2.07321
0.135008,0.295704,0.0418638,-0.0822078,-0.342348,-74131.,2.07321
0.13509,0.295738,0.0419066,-0.0812715,-0.341402,-61659.5,2.07321
0.13509,0.295738,0.0419066,-0.0812715,-0.341402,-63095.7,2.07321
0.13509,0.295738,0.0419066,-0.0812715,-0.341402,-64565.4,2.07321
0.13509,0.295738,0.0419066,-0.0812715,-0.341402,-66069.3,2.07321
0.13509,0.295738,0.0419066,-0.0812715,-0.341402,-67608.3,2.07321
0.13509,0.295738,0.0419066,-0.0812715,-0.341402,-69183.1,2.07321
0.13509,0.295738,0.0419066,-0.0812715,-0.341402,-70794.6,2.07321
0.13509,0.295738,0.0419066,-0.0812715,-0.341402,-72443.6,2.07321
0.135171,0.295772,0.0419489,-0.0803392,-0.340459,-60256.,2.07321
0.135171,0.295772,0.0419489,-0.0803392,-0.340459,-61659.5,2.07321
0.135171,0.295772,0.0419489,-0.0803392,-0.340459,-63095.7,2.07321
0.135171,0.295772,0.0419489,-0.0803392,-0.340459,-64565.4,2.07321
0.135171,0.295772,0.0419489,-0.0803392,-0.340459,-66069.3,2.07321
0.135171,0.295772,0.0419489,-0.0803392,-0.340459,-67608.3,2.07321
0.135171,0.295772,0.0419489,-0.0803392,-0.340459,-69183.1,2.07321
0.135171,0.295772,0.0419489,-0.0803392,-0.340459,-70794.6,2.07321
0.135252,0.295805,0.0419907,-0.0794106,-0.33952,-58884.4,2.07321
0.135252,0.295805,0.0419907,-0.0794106,-0.33952,-60256.,2.07321
0.135252,0.295805,0.0419907,-0.0794106,-0.33952,-61659.5,2.07321
0.135252,0.295805,0.0419907,-0.0794106,-0.33952,-63095.7,2.07321
0.135252,0.295805,0.0419907,-0.0794106,-0.33952,-64565.4,2.07321
0.135252,0.295805,0.0419907,-0.0794106,-0.33952,-66069.3,2.07321
0.135252,0.295805,0.0419907,-0.0794106,-0.33952,-67608.3,2.07321
0.135332,0.295838,0.0420318,-0.0784859,-0.338584,-57544.,2.07321
0.135332,0.295838,0.0420318,-0.0784859,-0.338584,-58884.4,2.07321
0.135332,0.295838,0.0420318,-0.0784859,-0.338584,-60256.,2.07321
0.135332,0.295838,0.0420318,-0.0784859,-0.338584,-61659.5,2.07321
0.135332,0.295838,0.0420318,-0.0784859,-0.338584,-63095.7,2.07321
0.135332,0.295838,0.0420318,-0.0784859,-0.338584,-64565.4,2.07321
0.135332,0.295838,0.0420318,-0.0784859,-0.338584,-66069.3,2.07321
0.135411,0.295871,0.0420725,-0.077565,-0.337652,-56234.1,2.07321
0.135411,0.295871,0.0420725,-0.077565,-0.337652,-57544.,2.07321
0.135411,0.295871,0.0420725,-0.077565,-0.337652,-58884.4,2.07321
0.135411,0.295871,0.0420725,-0.077565,-0.337652,-60256.,2.07321
0.135411,0.295871,0.0420725,-0.077565,-0.337652,-61659.5,2.07321
0.135411,0.295871,0.0420725,-0.077565,-0.337652,-63095.7,2.07321
0.135411,0.295871,0.0420725,-0.077565,-0.337652,-64565.4,2.07321
0.13549,0.295904,0.0421125,-0.0766479,-0.336724,-54954.1,2.07321
0.13549,0.295904,0.0421125,-0.0766479,-0.336724,-56234.1,2.07321
0.13549,0.295904,0.0421125,-0.0766479,-0.336724,-57544.,2.07321
0.13549,0.295904,0.0421125,-0.0766479,-0.336724,-58884.4,2.07321
0.13549,0.295904,0.0421125,-0.0766479,-0.336724,-60256.,2.07321
0.13549,0.295904,0.0421125,-0.0766479,-0.336724,-61659.5,2.07321
0.135569,0.295937,0.0421521,-0.0757345,-0.335799,-53703.2,2.07321
0.135569,0.295937,0.0421521,-0.0757345,-0.335799,-54954.1,2.07321
0.135569,0.295937,0.0421521,-0.0757345,-0.335799,-56234.1,2.07321
0.135569,0.295937,0.0421521,-0.0757345,-0.335799,-57544.,2.07321
0.135569,0.295937,0.0421521,-0.0757345,-0.335799,-58884.4,2.07321
0.135569,0.295937,0.0421521,-0.0757345,-0.335799,-60256.,2.07321
0.135647,0.295969,0.0421911,-0.0748249,-0.334878,-52480.7,2.07321
0.135647,0.295969,0.0421911,-0.0748249,-0.334878,-53703.2,2.07321
0.135647,0.295969,0.0421911,-0.0748249,-0.334878,-54954.1,2.07321
0.135647,0.295969,0.0421911,-0.0748249,-0.334878,-56234.1,2.07321
0.135647,0.295969,0.0421911,-0.0748249,-0.334878,-57544.,2.07321
0.135647,0.295969,0.0421911,-0.0748249,-0.334878,-58884.4,2.07321
0.135725,0.296001,0.0422295,-0.073919,-0.33396,-51286.1,2.07321
0.135725,0.296001,0.0422295,-0.073919,-0.33396,-52480.7,2.07321
0.135725,0.296001,0.0422295,-0.073919,-0.33396,-53703.2,2.07321
0.135725,0.296001,0.0422295,-0.073919,-0.33396,-54954.1,2.07321
0.135725,0.296001,0.0422295,-0.073919,-0.33396,-56234.1,2.07321
0.135725,0.296001,0.0422295,-0.073919,-0.33396,-57544.,2.07321
0.135802,0.296033,0.0422675,-0.0730168,-0.333045,-50118.7,2.07321
0.135802,0.296033,0.0422675,-0.0730168,-0.333045,-51286.1,2.07321
0.135802,0.296033,0.0422675,-0.0730168,-0.333045,-52480.7,2.07321
0.135802,0.296033,0.0422675,-0.0730168,-0.333045,-53703.2,2.07321
0.135802,0.296033,0.0422675,-0.0730168,-0.333045,-54954.1,2.07321
0.135802,0.296033,0.0422675,-0.0730168,-0.333045,-56234.1,2.07321
0.135879,0.296065,0.0423049,-0.0721182,-0.332134,-48977.9,2.07321
0.135879,0.296065,0.0423049,-0.0721182,-0.332134,-50118.7,2.07321
0.135879,0.296065,0.0423049,-0.0721182,-0.332134,-51286.1,2.07321
0.135879,0.296065,0.0423049,-0.0721182,-0.332134,-52480.7,2.07321
0.135879,0.296065,0.0423049,-0.0721182,-0.332134,-53703.2,2.07321
0.135879,0.296065,0.0423049,-0.0721182,-0.332134,-54954.1,2.07321
0.135955,0.296096,0.0423418,-0.0712233,-0.331227,-47863.,2.07321
0.135955,0.296096,0.0423418,-0.0712233,-0.331227,-48977.9,2.07321
0.135955,0.296096,0.0423418,-0.0712233,-0.331227,-50118.7,2.07321
0.135955,0.296096,0.0423418,-0.0712233,-0.331227,-51286.1,2.07321
0.135955,0.296096,0.0423418,-0.0712233,-0.331227,-52480.7,2.07321
0.135955,0.296096,0.0423418,-0.0712233,-0.331227,-53703.2,2.07321
0.136031,0.296127,0.0423782,-0.0703321,-0.330322,-46773.5,2.07321
0.136031,0.296127,0.0423782,-0.0703321,-0.330322,-47863.,2.07321
0.136031,0.296127,0.0423782,-0.0703321,-0.330322,-48977.9,2.07321
0.136031,0.296127,0.0423782,-0.0703321,-0.330322,-50118.7,2.07321
0.136031,0.296127,0.0423782,-0.0703321,-0.330322,-51286.1,2.07321
0.136031,0.296127,0.0423782,-0.0703321,-0.330322,-52480.7,2.07321
0.136106,0.296158,0.042414,-0.0694444,-0.329421,-45708.8,2.07321
0.136106,0.296158,0.042414,-0.0694444,-0.329421,-46773.5,2.07321
0.136106,0.296158,0.042414,-0.0694444,-0.329421,-47863.,2.07321
0.136106,0.296158,0.042414,-0.0694444,-0.329421,-48977.9,2.07321
0.136106,0.296158,0.042414,-0.0694444,-0.329421,-50118.7,2.07321
0.136106,0.296158,0.042414,-0.0694444,-0.329421,-51286.1,2.07321
0.136181,0.296189,0.0424494,-0.0685603,-0.328524,-44668.4,2.07321
0.136181,0.296189,0.0424494,-0.0685603,-0.328524,-45708.8,2.07321
0.136181,0.296189,0.0424494,-0.0685603,-0.328524,-46773.5,2.07321
0.136181,0.296189,0.0424494,-0.0685603,-0.328524,-47863.,2.07321
0.136181,0.296189,0.0424494,-0.0685603,-0.328524,-48977.9,2.07321
0.136181,0.296189,0.0424494,-0.0685603,-0.328524,-50118.7,2.07321
0.136256,0.29622,0.0424842,-0.0676798,-0.32763,-43651.6,2.07321
0.136256,0.29622,0.0424842,-0.0676798,-0.32763,-44668.4,2.07321
0.136256,0.29622,0.0424842,-0.0676798,-0.32763,-45708.8,2.07321
0.136256,0.29622,0.0424842,-0.0676798,-0.32763,-46773.5,2.07321
0.136256,0.29622,0.0424842,-0.0676798,-0.32763,-47863.,2.07321
0.136256,0.29622,0.0424842,-0.0676798,-0.32763,-48977.9,2.07321
0.13633,0.29625,0.0425186,-0.0668029,-0.326739,-42658.,2.07321
0.13633,0.29625,0.0425186,-0.0668029,-0.326739,-43651.6,2.07321
0.13633,0.29625,0.0425186,-0.0668029,-0.326739,-44668.4,2.07321
0.13633,0.29625,0.0425186,-0.0668029,-0.326739,-45708.8,2.07321
0.13633,0.29625,0.0425186,-0.0668029,-0.326739,-46773.5,2.07321
0.13633,0.29625,0.0425186,-0.0668029,-0.326739,-47863.,2.07321
0.136403,0.29628,0.0425525,-0.0659294,-0.325851,-42658.,2.07321
0.136403,0.29628,0.0425525,-0.0659294,-0.325851,-43651.6,2.07321
0.136403,0.29628,0.0425525,-0.0659294,-0.325851,-44668.4,2.07321
0.136403,0.29628,0.0425525,-0.0659294,-0.325851,-45708.8,2.07321
0.136403,0.29628,0.0425525,-0.0659294,-0.325851,-46773.5,2.07321
0.136476,0.29631,0.0425858,-0.0650595,-0.324967,-41686.9,2.07321
0.136476,0.29631,0.0425858,-0.0650595,-0.324967,-42658.,2.07321
0.136476,0.29631,0.0425858,-0.0650595,-0.324967,-43651.6,2.07321
0.136476,0.29631,0.0425858,-0.0650595,-0.324967,-44668.4,2.07321
0.136476,0.29631,0.0425858,-0.0650595,-0.324967,-45708.8,2.07321
0.136549,0.29634,0.0426187,-0.0641931,-0.324086,-40738.,2.07321
0.136549,0.29634,0.0426187,-0.0641931,-0.324086,-41686.9,2.07321
0.136549,0.29634,0.0426187,-0.0641931,-0.324086,-42658.,2.07321
0.136549,0.29634,0.0426187,-0.0641931,-0.324086,-43651.6,2.07321
0.136549,0.29634,0.0426187,-0.0641931,-0.324086,-44668.4,2.07321
0.136621,0.296369,0.0426511,-0.0633301,-0.323208,-39810.7,2.07321
0.136621,0.296369,0.0426511,-0.0633301,-0.323208,-40738.,2.07321
0.136621,0.296369,0.0426511,-0.0633301,-0.323208,-41686.9,2.07321
0.136621,0.296369,0.0426511,-0.0633301,-0.323208,-42658.,2.07321
0.136621,0.296369,0.0426511,-0.0633301,-0.323208,-43651.6,2.07321
0.136693,0.296398,0.0426831,-0.0624706,-0.322333,-38904.5,2.07321
0.136693,0.296398,0.0426831,-0.0624706,-0.322333,-39810.7,2.07321
0.136693,0.296398,0.0426831,-0.0624706,-0.322333,-40738.,2.07321
0.136693,0.296398,0.0426831,-0.0624706,-0.322333,-41686.9,2.07321
0.136693,0.296398,0.0426831,-0.0624706,-0.322333,-42658.,2.07321
0.136765,0.296427,0.0427145,-0.0616145,-0.321462,-38904.5,2.07321
0.136765,0.296427,0.0427145,-0.0616145,-0.321462,-39810.7,2.07321
0.136765,0.296427,0.0427145,-0.0616145,-0.321462,-40738.,2.07321
0.136765,0.296427,0.0427145,-0.0616145,-0.321462,-41686.9,2.07321
0.136836,0.296456,0.0427455,-0.0607618,-0.320593,-38018.9,2.07321
0.136836,0.296456,0.0427455,-0.0607618,-0.320593,-38904.5,2.07321
0.136836,0.296456,0.0427455,-0.0607618,-0.320593,-39810.7,2.07321
0.136836,0.296456,0.0427455,-0.0607618,-0.320593,-40738.,2.07321
0.136836,0.296456,0.0427455,-0.0607618,-0.320593,-41686.9,2.07321
0.136906,0.296485,0.0427761,-0.0599125,-0.319728,-37153.5,2.07321
0.136906,0.296485,0.0427761,-0.0599125,-0.319728,-38018.9,2.07321
0.136906,0.296485,0.0427761,-0.0599125,-0.319728,-38904.5,2.07321
0.136906,0.296485,0.0427761,-0.0599125,-0.319728,-39810.7,2.07321
0.136906,0.296485,0.0427761,-0.0599125,-0.319728,-40738.,2.07321
0.136976,0.296513,0.0428061,-0.0590665,-0.318866,-36307.8,2.07321
0.136976,0.296513,0.0428061,-0.0590665,-0.318866,-37153.5,2.07321
0.136976,0.296513,0.0428061,-0.0590665,-0.318866,-38018.9,2.07321
0.136976,0.296513,0.0428061,-0.0590665,-0.318866,-38904.5,2.07321
0.136976,0.296513,0.0428061,-0.0590665,-0.318866,-39810.7,2.07321
0.137046,0.296541,0.0428358,-0.0582239,-0.318007,-36307.8,2.07321
0.137046,0.296541,0.0428358,-0.0582239,-0.318007,-37153.5,2.07321
0.137046,0.296541,0.0428358,-0.0582239,-0.318007,-38018.9,2.07321
0.137046,0.296541,0.0428358,-0.0582239,-0.318007,-38904.5,2.07321
0.137115,0.296569,0.0428649,-0.0573847,-0.317151,-35481.3,2.07321
0.137115,0.296569,0.0428649,-0.0573847,-0.317151,-36307.8,2.07321
0.137115,0.296569,0.0428649,-0.0573847,-0.317151,-37153.5,2.07321
0.137115,0.296569,0.0428649,-0.0573847,-0.317151,-38018.9,2.07321
0.137184,0.296597,0.0428936,-0.0565488,-0.316298,-34673.7,2.07321
0.137184,0.296597,0.0428936,-0.0565488,-0.316298,-35481.3,2.07321
0.137184,0.296597,0.0428936,-0.0565488,-0.316298,-36307.8,2.07321
0.137184,0.296597,0.0428936,-0.0565488,-0.316298,-37153.5,2.07321
0.137184,0.296597,0.0428936,-0.0565488,-0.316298,-38018.9,2.07321
0.137253,0.296625,0.0429219,-0.0557161,-0.315448,-34673.7,2.07321
0.137253,0.296625,0.0429219,-0.0557161,-0.315448,-35481.3,2.07321
0.137253,0.296625,0.0429219,-0.0557161,-0.315448,-36307.8,2.07321
0.137253,0.296625,0.0429219,-0.0557161,-0.315448,-37153.5,2.07321
0.137321,0.296652,0.0429498,-0.0548867,-0.314602,-33884.4,2.07321
0.137321,0.296652,0.0429498,-0.0548867,-0.314602,-34673.7,2.07321
0.137321,0.296652,0.0429498,-0.0548867,-0.314602,-35481.3,2.07321
0.137321,0.296652,0.0429498,-0.0548867,-0.314602,-36307.8,2.07321
0.137388,0.29668,0.0429772,-0.0540606,-0.313758,-33113.1,2.07321
0.137388,0.29668,0.0429772,-0.0540606,-0.313758,-33884.4,2.07321
0.137388,0.29668,0.0429772,-0.0540606,-0.313758,-34673.7,2.07321
0.137388,0.29668,0.0429772,-0.0540606,-0.313758,-35481.3,2.07321
0.137388,0.29668,0.0429772,-0.0540606,-0.313758,-36307.8,2.07321
0.137456,0.296707,0.0430041,-0.0532378,-0.312917,-33113.1,2.07321
0.137456,0.296707,0.0430041,-0.0532378,-0.312917,-33884.4,2.07321
0.137456,0.296707,0.0430041,-0.0532378,-0.312917,-34673.7,2.07321
0.137456,0.296707,0.0430041,-0.0532378,-0.312917,-35481.3,2.07321
0.137522,0.296733,0.0430307,-0.0524181,-0.31208,-32359.4,2.07321
0.137522,0.296733,0.0430307,-0.0524181,-0.31208,-33113.1,2.07321
0.137522,0.296733,0.0430307,-0.0524181,-0.31208,-33884.4,2.07321
0.137522,0.296733,0.0430307,-0.0524181,-0.31208,-34673.7,2.07321
0.137589,0.29676,0.0430568,-0.0516017,-0.311245,-31622.8,2.07321
0.137589,0.29676,0.0430568,-0.0516017,-0.311245,-32359.4,2.07321
0.137589,0.29676,0.0430568,-0.0516017,-0.311245,-33113.1,2.07321
0.137589,0.29676,0.0430568,-0.0516017,-0.311245,-33884.4,2.07321
0.137655,0.296787,0.0430825,-0.0507884,-0.310413,-31622.8,2.07321
0.137655,0.296787,0.0430825,-0.0507884,-0.310413,-32359.4,2.07321
0.137655,0.296787,0.0430825,-0.0507884,-0.310413,-33113.1,2.07321
0.137655,0.296787,0.0430825,-0.0507884,-0.310413,-33884.4,2.07321
0.137721,0.296813,0.0431077,-0.0499783,-0.309584,-30903.,2.07321
0.137721,0.296813,0.0431077,-0.0499783,-0.309584,-31622.8,2.07321
0.137721,0.296813,0.0431077,-0.0499783,-0.309584,-32359.4,2.07321
0.137721,0.296813,0.0431077,-0.0499783,-0.309584,-33113.1,2.07321
0.137786,0.296839,0.0431326,-0.0491714,-0.308758,-30199.5,2.07321
0.137786,0.296839,0.0431326,-0.0491714,-0.308758,-30903.,2.07321
0.137786,0.296839,0.0431326,-0.0491714,-0.308758,-31622.8,2.07321
0.137786,0.296839,0.0431326,-0.0491714,-0.308758,-32359.4,2.07321
0.137851,0.296865,0.043157,-0.0483676,-0.307935,-30199.5,2.07321
0.137851,0.296865,0.043157,-0.0483676,-0.307935,-30903.,2.07321
0.137851,0.296865,0.043157,-0.0483676,-0.307935,-31622.8,2.07321
0.137851,0.296865,0.043157,-0.0483676,-0.307935,-32359.4,2.07321
0.137915,0.296891,0.0431811,-0.0475669,-0.307115,-29512.1,2.07321
0.137915,0.296891,0.0431811,-0.0475669,-0.307115,-30199.5,2.07321
0.137915,0.296891,0.0431811,-0.0475669,-0.307115,-30903.,2.07321
0.137915,0.296891,0.0431811,-0.0475669,-0.307115,-31622.8,2.07321
0.13798,0.296916,0.0432047,-0.0467693,-0.306298,-29512.1,2.07321
0.13798,0.296916,0.0432047,-0.0467693,-0.306298,-30199.5,2.07321
0.13798,0.296916,0.0432047,-0.0467693,-0.306298,-30903.,2.07321
0.13798,0.296916,0.0432047,-0.0467693,-0.306298,-31622.8,2.07321
0.138043,0.296942,0.043228,-0.0459748,-0.305483,-28840.3,2.07321
0.138043,0.296942,0.043228,-0.0459748,-0.305483,-29512.1,2.07321
0.138043,0.296942,0.043228,-0.0459748,-0.305483,-30199.5,2.07321
0.138043,0.296942,0.043228,-0.0459748,-0.305483,-30903.,2.07321
0.138107,0.296967,0.0432508,-0.0451834,-0.304672,-28840.3,2.07321
0.138107,0.296967,0.0432508,-0.0451834,-0.304672,-29512.1,2.07321
0.138107,0.296967,0.0432508,-0.0451834,-0.304672,-30199.5,2.07321
0.13817,0.296992,0.0432732,-0.044395,-0.303863,-28183.8,2.07321
0.13817,0.296992,0.0432732,-0.044395,-0.303863,-28840.3,2.07321
0.13817,0.296992,0.0432732,-0.044395,-0.303863,-29512.1,2.07321
0.13817,0.296992,0.0432732,-0.044395,-0.303863,-30199.5,2.07321
0.138233,0.297017,0.0432953,-0.0436096,-0.303057,-27542.3,2.07321
0.138233,0.297017,0.0432953,-0.0436096,-0.303057,-28183.8,2.07321
0.138233,0.297017,0.0432953,-0.0436096,-0.303057,-28840.3,2.07321
0.138233,0.297017,0.0432953,-0.0436096,-0.303057,-29512.1,2.07321
0.138295,0.297041,0.043317,-0.0428273,-0.302253,-27542.3,2.07321
0.138295,0.297041,0.043317,-0.0428273,-0.302253,-28183.8,2.07321
0.138295,0.297041,0.043317,-0.0428273,-0.302253,-28840.3,2.07321
0.138295,0.297041,0.043317,-0.0428273,-0.302253,-29512.1,2.07321
0.138357,0.297066,0.0433383,-0.042048,-0.301453,-26915.3,2.07321
0.138357,0.297066,0.0433383,-0.042048,-0.301453,-27542.3,2.07321
0.138357,0.297066,0.0433383,-0.042048,-0.301453,-28183.8,2.07321
0.138357,0.297066,0.0433383,-0.042048,-0.301453,-28840.3,2.07321
0.138418,0.29709,0.0433592,-0.0412716,-0.300655,-26915.3,2.07321
0.138418,0.29709,0.0433592,-0.0412716,-0.300655,-27542.3,2.07321
0.138418,0.29709,0.0433592,-0.0412716,-0.300655,-28183.8,2.07321
0.13848,0.297114,0.0433797,-0.0404983,-0.29986,-26302.7,2.07321
0.13848,0.297114,0.0433797,-0.0404983,-0.29986,-26915.3,2.07321
0.13848,0.297114,0.0433797,-0.0404983,-0.29986,-27542.3,2.07321
0.13848,0.297114,0.0433797,-0.0404983,-0.29986,-28183.8,2.07321
0.13854,0.297138,0.0433999,-0.0397278,-0.299068,-26302.7,2.07321
0.13854,0.297138,0.0433999,-0.0397278,-0.299068,-26915.3,2.07321
0.13854,0.297138,0.0433999,-0.0397278,-0.299068,-27542.3,2.07321
0.138601,0.297162,0.0434197,-0.0389604,-0.298278,-25704.,2.07321
0.138601,0.297162,0.0434197,-0.0389604,-0.298278,-26302.7,2.07321
0.138601,0.297162,0.0434197,-0.0389604,-0.298278,-26915.3,2.07321
0.138601,0.297162,0.0434197,-0.0389604,-0.298278,-27542.3,2.07321
0.138661,0.297186,0.0434391,-0.0381958,-0.297491,-25704.,2.07321
0.138661,0.297186,0.0434391,-0.0381958,-0.297491,-26302.7,2.07321
0.138661,0.297186,0.0434391,-0.0381958,-0.297491,-26915.3,2.07321
0.138721,0.297209,0.0434582,-0.0374341,-0.296707,-25118.9,2.07321
0.138721,0.297209,0.0434582,-0.0374341,-0.296707,-25704.,2.07321
0.138721,0.297209,0.0434582,-0.0374341,-0.296707,-26302.7,2.07321
0.138721,0.297209,0.0434582,-0.0374341,-0.296707,-26915.3,2.07321
0.13878,0.297233,0.0434769,-0.0366754,-0.295925,-25118.9,2.07321
0.13878,0.297233,0.0434769,-0.0366754,-0.295925,-25704.,2.07321
0.13878,0.297233,0.0434769,-0.0366754,-0.295925,-26302.7,2.07321
0.13884,0.297256,0.0434952,-0.0359195,-0.295146,-24547.1,2.07321
0.13884,0.297256,0.0434952,-0.0359195,-0.295146,-25118.9,2.07321
0.13884,0.297256,0.0434952,-0.0359195,-0.295146,-25704.,2.07321
0.13884,0.297256,0.0434952,-0.0359195,-0.295146,-26302.7,2.07321
0.138898,0.297279,0.0435132,-0.0351665,-0.29437,-24547.1,2.07321
0.138898,0.297279,0.0435132,-0.0351665,-0.29437,-25118.9,2.07321
0.138898,0.297279,0.0435132,-0.0351665,-0.29437,-25704.,2.07321
0.138957,0.297302,0.0435308,-0.0344163,-0.293596,-23988.3,2.07321
0.138957,0.297302,0.0435308,-0.0344163,-0.293596,-24547.1,2.07321
0.138957,0.297302,0.0435308,-0.0344163,-0.293596,-25118.9,2.07321
0.138957,0.297302,0.0435308,-0.0344163,-0.293596,-25704.,2.07321
0.139015,0.297324,0.0435481,-0.033669,-0.292825,-23988.3,2.07321
0.139015,0.297324,0.0435481,-0.033669,-0.292825,-24547.1,2.07321
0.139015,0.297324,0.0435481,-0.033669,-0.292825,-25118.9,2.07321
0.139073,0.297347,0.0435651,-0.0329244,-0.292056,-23442.3,2.07321
0.139073,0.297347,0.0435651,-0.0329244,-0.292056,-23988.3,2.07321
0.139073,0.297347,0.0435651,-0.0329244,-0.292056,-24547.1,2.07321
0.139073,0.297347,0.0435651,-0.0329244,-0.292056,-25118.9,2.07321
0.13913,0.297369,0.0435817,-0.0321827,-0.29129,-23442.3,2.07321
0.13913,0.297369,0.0435817,-0.0321827,-0.29129,-23988.3,2.07321
0.13913,0.297369,0.0435817,-0.0321827,-0.29129,-24547.1,2.07321
0.139187,0.297391,0.043598,-0.0314438,-0.290527,-22908.7,2.07321
0.139187,0.297391,0.043598,-0.0314438,-0.290527,-23442.3,2.07321
0.139187,0.297391,0.043598,-0.0314438,-0.290527,-23988.3,2.07321
0.139187,0.297391,0.043598,-0.0314438,-0.290527,-24547.1,2.07321
0.139244,0.297413,0.0436139,-0.0307076,-0.289766,-22908.7,2.07321
0.139244,0.297413,0.0436139,-0.0307076,-0.289766,-23442.3,2.07321
0.139244,0.297413,0.0436139,-0.0307076,-0.289766,-23988.3,2.07321
0.1393,0.297435,0.0436295,-0.0299742,-0.289008,-22908.7,2.07321
0.1393,0.297435,0.0436295,-0.0299742,-0.289008,-23442.3,2.07321
0.1393,0.297435,0.0436295,-0.0299742,-0.289008,-23988.3,2.07321
0.139356,0.297457,0.0436448,-0.0292435,-0.288252,-22387.2,2.07321
0.139356,0.297457,0.0436448,-0.0292435,-0.288252,-22908.7,2.07321
0.139356,0.297457,0.0436448,-0.0292435,-0.288252,-23442.3,2.07321
0.139412,0.297479,0.0436597,-0.0285156,-0.287498,-22387.2,2.07321
0.139412,0.297479,0.0436597,-0.0285156,-0.287498,-22908.7,2.07321
0.139412,0.297479,0.0436597,-0.0285156,-0.287498,-23442.3,2.07321
0.139468,0.2975,0.0436743,-0.0277904,-0.286747,-21877.6,2.07321
0.139468,0.2975,0.0436743,-0.0277904,-0.286747,-22387.2,2.07321
0.139468,0.2975,0.0436743,-0.0277904,-0.286747,-22908.7,2.07321
0.139523,0.297521,0.0436886,-0.0270679,-0.285999,-21877.6,2.07321
0.139523,0.297521,0.0436886,-0.0270679,-0.285999,-22387.2,2.07321
0.139523,0.297521,0.0436886,-0.0270679,-0.285999,-22908.7,2.07321
0.139578,0.297543,0.0437026,-0.0263481,-0.285253,-21379.6,2.07321
0.139578,0.297543,0.0437026,-0.0263481,-0.285253,-21877.6,2.07321
0.139578,0.297543,0.0437026,-0.0263481,-0.285253,-22387.2,2.07321
0.139632,0.297564,0.0437162,-0.0256309,-0.284509,-21379.6,2.07321
0.139632,0.297564,0.0437162,-0.0256309,-0.284509,-21877.6,2.07321
0.139632,0.297564,0.0437162,-0.0256309,-0.284509,-22387.2,2.07321
0.139687,0.297584,0.0437296,-0.0249164,-0.283768,-21379.6,2.07321
0.139687,0.297584,0.0437296,-0.0249164,-0.283768,-21877.6,2.07321
0.13974,0.297605,0.0437426,-0.0242046,-0.283029,-20893.,2.07321
0.13974,0.297605,0.0437426,-0.0242046,-0.283029,-21379.6,2.07321
0.13974,0.297605,0.0437426,-0.0242046,-0.283029,-21877.6,2.07321
0.139794,0.297626,0.0437553,-0.0234954,-0.282293,-20893.,2.07321
0.139794,0.297626,0.0437553,-0.0234954,-0.282293,-21379.6,2.07321
0.139794,0.297626,0.0437553,-0.0234954,-0.282293,-21877.6,2.07321
0.139847,0.297646,0.0437678,-0.0227888,-0.281559,-20417.4,2.07321
0.139847,0.297646,0.0437678,-0.0227888,-0.281559,-20893.,2.07321
0.139847,0.297646,0.0437678,-0.0227888,-0.281559,-21379.6,2.07321
0.1399,0.297666,0.0437799,-0.0220848,-0.280827,-20417.4,2.07321
0.1399,0.297666,0.0437799,-0.0220848,-0.280827,-20893.,2.07321
0.1399,0.297666,0.0437799,-0.0220848,-0.280827,-21379.6,2.07321
0.139953,0.297687,0.0437917,-0.0213834,-0.280098,-20417.4,2.07321
0.139953,0.297687,0.0437917,-0.0213834,-0.280098,-20893.,2.07321
0.140005,0.297707,0.0438032,-0.0206846,-0.279371,-19952.6,2.07321
0.140005,0.297707,0.0438032,-0.0206846,-0.279371,-20417.4,2.07321
0.140005,0.297707,0.0438032,-0.0206846,-0.279371,-20893.,2.07321
0.140058,0.297727,0.0438144,-0.0199884,-0.278647,-19952.6,2.07321
0.140058,0.297727,0.0438144,-0.0199884,-0.278647,-20417.4,2.07321
0.140058,0.297727,0.0438144,-0.0199884,-0.278647,-20893.,2.07321
0.140109,0.297746,0.0438254,-0.0192947,-0.277925,-19498.4,2.07321
0.140109,0.297746,0.0438254,-0.0192947,-0.277925,-19952.6,2.07321
0.140109,0.297746,0.0438254,-0.0192947,-0.277925,-20417.4,2.07321
0.140161,0.297766,0.043836,-0.0186036,-0.277205,-19498.4,2.07321
0.140161,0.297766,0.043836,-0.0186036,-0.277205,-19952.6,2.07321
0.140161,0.297766,0.043836,-0.0186036,-0.277205,-20417.4,2.07321
0.140212,0.297785,0.0438464,-0.017915,-0.276487,-19498.4,2.07321
0.140212,0.297785,0.0438464,-0.017915,-0.276487,-19952.6,2.07321
0.140263,0.297805,0.0438564,-0.0172289,-0.275772,-19054.6,2.07321
0.140263,0.297805,0.0438564,-0.0172289,-0.275772,-19498.4,2.07321
0.140263,0.297805,0.0438564,-0.0172289,-0.275772,-19952.6,2.07321
0.140314,0.297824,0.0438662,-0.0165453,-0.275059,-19054.6,2.07321
0.140314,0.297824,0.0438662,-0.0165453,-0.275059,-19498.4,2.07321
0.140314,0.297824,0.0438662,-0.0165453,-0.275059,-19952.6,2.07321
0.140364,0.297843,0.0438757,-0.0158642,-0.274348,-19054.6,2.07321
0.140364,0.297843,0.0438757,-0.0158642,-0.274348,-19498.4,2.07321
0.140414,0.297862,0.0438849,-0.0151856,-0.273639,-18620.9,2.07321
0.140414,0.297862,0.0438849,-0.0151856,-0.273639,-19054.6,2.07321
0.140414,0.297862,0.0438849,-0.0151856,-0.273639,-19498.4,2.07321
0.140464,0.297881,0.0438939,-0.0145095,-0.272933,-18620.9,2.07321
0.140464,0.297881,0.0438939,-0.0145095,-0.272933,-19054.6,2.07321
0.140513,0.297899,0.0439026,-0.0138358,-0.272229,-18197.,2.07321
0.140513,0.297899,0.0439026,-0.0138358,-0.272229,-18620.9,2.07321
0.140513,0.297899,0.0439026,-0.0138358,-0.272229,-19054.6,2.07321
0.140563,0.297918,0.043911,-0.0131645,-0.271527,-18197.,2.07321
0.140563,0.297918,0.043911,-0.0131645,-0.271527,-18620.9,2.07321
0.140563,0.297918,0.043911,-0.0131645,-0.271527,-19054.6,2.07321
0.140611,0.297936,0.0439191,-0.0124957,-0.270827,-18197.,2.07321
0.140611,0.297936,0.0439191,-0.0124957,-0.270827,-18620.9,2.07321
0.14066,0.297955,0.043927,-0.0118293,-0.270129,-17782.8,2.07321
0.14066,0.297955,0.043927,-0.0118293,-0.270129,-18197.,2.07321
0.14066,0.297955,0.043927,-0.0118293,-0.270129,-18620.9,2.07321
0.140709,0.297973,0.0439346,-0.0111654,-0.269434,-17782.8,2.07321
0.140709,0.297973,0.0439346,-0.0111654,-0.269434,-18197.,2.07321
0.140709,0.297973,0.0439346,-0.0111654,-0.269434,-18620.9,2.07321
0.140757,0.297991,0.043942,-0.0105038,-0.268741,-17782.8,2.07321
0.140757,0.297991,0.043942,-0.0105038,-0.268741,-18197.,2.07321
0.140805,0.298009,0.0439491,-0.00984459,-0.26805,-17378.,2.07321
0.140805,0.298009,0.0439491,-0.00984459,-0.26805,-17782.8,2.07321
0.140805,0.298009,0.0439491,-0.00984459,-0.26805,-18197.,2.07321
0.140852,0.298026,0.0439559,-0.00918776,-0.267361,-17378.,2.07321
0.140852,0.298026,0.0439559,-0.00918776,-0.267361,-17782.8,2.07321
0.140852,0.298026,0.0439559,-0.00918776,-0.267361,-18197.,2.07321
0.140899,0.298044,0.0439625,-0.0085333,-0.266674,-17378.,2.07321
0.140899,0.298044,0.0439625,-0.0085333,-0.266674,-17782.8,2.07321
0.140947,0.298062,0.0439688,-0.00788118,-0.265989,-16982.4,2.07321
0.140947,0.298062,0.0439688,-0.00788118,-0.265989,-17378.,2.07321
0.140947,0.298062,0.0439688,-0.00788118,-0.265989,-17782.8,2.07321
0.140993,0.298079,0.0439749,-0.00723141,-0.265307,-16982.4,2.07321
0.140993,0.298079,0.0439749,-0.00723141,-0.265307,-17378.,2.07321
0.140993,0.298079,0.0439749,-0.00723141,-0.265307,-17782.8,2.07321
0.14104,0.298096,0.0439807,-0.00658396,-0.264626,-16982.4,2.07321
0.14104,0.298096,0.0439807,-0.00658396,-0.264626,-17378.,2.07321
0.141086,0.298114,0.0439863,-0.00593883,-0.263948,-16595.9,2.07321
0.141086,0.298114,0.0439863,-0.00593883,-0.263948,-16982.4,2.07321
0.141086,0.298114,0.0439863,-0.00593883,-0.263948,-17378.,2.07321
0.141132,0.298131,0.0439916,-0.005296,-0.263271,-16595.9,2.07321
0.141132,0.298131,0.0439916,-0.005296,-0.263271,-16982.4,2.07321
0.141132,0.298131,0.0439916,-0.005296,-0.263271,-17378.,2.07321
0.141178,0.298148,0.0439967,-0.00465547,-0.262597,-16595.9,2.07321
0.141178,0.298148,0.0439967,-0.00465547,-0.262597,-16982.4,2.07321
0.141223,0.298164,0.0440016,-0.00401723,-0.261925,-16595.9,2.07321
0.141223,0.298164,0.0440016,-0.00401723,-0.261925,-16982.4,2.07321
0.141269,0.298181,0.0440062,-0.00338125,-0.261255,-16218.1,2.07321
0.141269,0.298181,0.0440062,-0.00338125,-0.261255,-16595.9,2.07321
0.141269,0.298181,0.0440062,-0.00338125,-0.261255,-16982.4,2.07321
0.141314,0.298198,0.0440106,-0.00274754,-0.260587,-16218.1,2.07321
0.141314,0.298198,0.0440106,-0.00274754,-0.260587,-16595.9,2.07321
0.141358,0.298214,0.0440148,-0.00211608,-0.25992,-16218.1,2.07321
0.141358,0.298214,0.0440148,-0.00211608,-0.25992,-16595.9,2.07321
0.141403,0.298231,0.0440187,-0.00148686,-0.259256,-15848.9,2.07321
0.141403,0.298231,0.0440187,-0.00148686,-0.259256,-16218.1,2.07321
0.141403,0.298231,0.0440187,-0.00148686,-0.259256,-16595.9,2.07321
0.141447,0.298247,0.0440224,-0.00085987,-0.258594,-15848.9,2.07321
0.141447,0.298247,0.0440224,-0.00085987,-0.258594,-16218.1,2.07321
0.141491,0.298263,0.0440258,-0.000235099,-0.257934,-15848.9,2.07321
0.141491,0.298263,0.0440258,-0.000235099,-0.257934,-16218.1,2.07321
