L1,L2,L3,L4,L5,M12,tb
0.161231,0.30164,0.125743,-0.357056,-0.21088,-107152.,2.07321
0.161231,0.30164,0.125743,-0.357056,-0.21088,-109648.,2.07321
0.161231,0.30164,0.125743,-0.357056,-0.21088,-112202.,2.07321
0.161231,0.30164,0.125743,-0.357056,-0.21088,-114815.,2.07321
0.161231,0.30164,0.125743,-0.357056,-0.21088,-117490.,2.07321
0.161231,0.30164,0.125743,-0.357056,-0.21088,-120226.,2.07321
0.161231,0.30164,0.125743,-0.357056,-0.21088,-123027.,2.07321
0.161231,0.30164,0.125743,-0.357056,-0.21088,-125893.,2.07321
0.161231,0.30164,0.125743,-0.357056,-0.21088,-128825.,2.07321
0.161231,0.30164,0.125743,-0.357056,-0.21088,-131826.,2.07321
0.161231,0.30164,0.125743,-0.357056,-0.21088,-134896.,2.07321
0.161231,0.30164,0.125743,-0.357056,-0.21088,-138038.,2.07321
0.161313,0.301681,0.125832,-0.356318,-0.209504,-102329.,2.07321
0.161313,0.301681,0.125832,-0.356318,-0.209504,-104713.,2.07321
0.161313,0.301681,0.125832,-0.356318,-0.209504,-107152.,2.07321
0.161313,0.301681,0.125832,-0.356318,-0.209504,-109648.,2.07321
0.161313,0.301681,0.125832,-0.356318,-0.209504,-112202.,2.07321
0.161313,0.301681,0.125832,-0.356318,-0.209504,-114815.,2.07321
0.161313,0.301681,0.125832,-0.356318,-0.209504,-117490.,2.07321
0.161313,0.301681,0.125832,-0.356318,-0.209504,-120226.,2.07321
0.161313,0.301681,0.125832,-0.356318,-0.209504,-123027.,2.07321
0.161313,0.301681,0.125832,-0.356318,-0.209504,-125893.,2.07321
0.161313,0.301681,0.125832,-0.356318,-0.209504,-128825.,2.07321
0.161394,0.301721,0.125921,-0.355585,-0.208131,-97723.7,2.07321
0.161394,0.301721,0.125921,-0.355585,-0.208131,-100000.,2.07321
0.161394,0.301721,0.125921,-0.355585,-0.208131,-102329.,2.07321
0.161394,0.301721,0.125921,-0.355585,-0.208131,-104713.,2.07321
0.161394,0.301721,0.125921,-0.355585,-0.208131,-107152.,2.07321
0.161394,0.301721,0.125921,-0.355585,-0.208131,-109648.,2.07321
0.161394,0.301721,0.125921,-0.355585,-0.208131,-112202.,2.07321
0.161394,0.301721,0.125921,-0.355585,-0.208131,-114815.,2.07321
0.161394,0.301721,0.125921,-0.355585,-0.208131,-117490.,2.07321
0.161394,0.301721,0.125921,-0.355585,-0.208131,-120226.,2.07321
0.161394,0.301721,0.125921,-0.355585,-0.208131,-123027.,2.07321
0.161475,0.301761,0.126009,-0.354857,-0.206763,-93325.4,2.07321
0.161475,0.301761,0.126009,-0.354857,-0.206763,-95499.3,2.07321
0.161475,0.301761,0.126009,-0.354857,-0.206763,-97723.7,2.07321
0.161475,0.301761,0.126009,-0.354857,-0.206763,-100000.,2.07321
0.161475,0.301761,0.126009,-0.354857,-0.206763,-102329.,2.07321
0.161475,0.301761,0.126009,-0.354857,-0.206763,-104713.,2.07321
0.161475,0.301761,0.126009,-0.354857,-0.206763,-107152.,2.07321
0.161475,0.301761,0.126009,-0.354857,-0.206763,-109648.,2.07321
0.161475,0.301761,0.126009,-0.354857,-0.206763,-112202.,2.07321
0.161475,0.301761,0.126009,-0.354857,-0.206763,-114815.,2.07321
0.161475,0.301761,0.126009,-0.354857,-0.206763,-117490.,2.07321
0.161555,0.301801,0.126096,-0.354136,-0.205398,-89125.1,2.07321
0.161555,0.301801,0.126096,-0.354136,-0.205398,-91201.1,2.07321
0.161555,0.301801,0.126096,-0.354136,-0.205398,-93325.4,2.07321
0.161555,0.301801,0.126096,-0.354136,-0.205398,-95499.3,2.07321
0.161555,0.301801,0.126096,-0.354136,-0.205398,-97723.7,2.07321
0.161555,0.301801,0.126096,-0.354136,-0.205398,-100000.,2.07321
0.161555,0.301801,0.126096,-0.354136,-0.205398,-102329.,2.07321
0.161555,0.301801,0.126096,-0.354136,-0.205398,-104713.,2.07321
0.161555,0.301801,0.126096,-0.354136,-0.205398,-107152.,2.07321
0.161555,0.301801,0.126096,-0.354136,-0.205398,-109648.,2.07321
0.161635,0.30184,0.126183,-0.353419,-0.204037,-85113.8,2.07321
0.161635,0.30184,0.126183,-0.353419,-0.204037,-87096.4,2.07321
0.161635,0.30184,0.126183,-0.353419,-0.204037,-89125.1,2.07321
0.161635,0.30184,0.126183,-0.353419,-0.204037,-91201.1,2.07321
0.161635,0.30184,0.126183,-0.353419,-0.204037,-93325.4,2.07321
0.161635,0.30184,0.126183,-0.353419,-0.204037,-95499.3,2.07321
0.161635,0.30184,0.126183,-0.353419,-0.204037,-97723.7,2.07321
0.161635,0.30184,0.126183,-0.353419,-0.204037,-100000.,2.07321
0.161635,0.30184,0.126183,-0.353419,-0.204037,-102329.,2.07321
0.161635,0.30184,0.126183,-0.353419,-0.204037,-104713.,2.07321
0.161713,0.301879,0.126268,-0.352708,-0.20268,-83176.4,2.07321
0.161713,0.301879,0.126268,-0.352708,-0.20268,-85113.8,2.07321
0.161713,0.301879,0.126268,-0.352708,-0.20268,-87096.4,2.07321
0.161713,0.301879,0.126268,-0.352708,-0.20268,-89125.1,2.07321
0.161713,0.301879,0.126268,-0.352708,-0.20268,-91201.1,2.07321
0.161713,0.301879,0.126268,-0.352708,-0.20268,-93325.4,2.07321
0.161713,0.301879,0.126268,-0.352708,-0.20268,-95499.3,2.07321
0.161713,0.301879,0.126268,-0.352708,-0.20268,-97723.7,2.07321
0.161713,0.301879,0.126268,-0.352708,-0.20268,-100000.,2.07321
0.161792,0.301918,0.126353,-0.352003,-0.201327,-79432.8,2.07321
0.161792,0.301918,0.126353,-0.352003,-0.201327,-81283.1,2.07321
0.161792,0.301918,0.126353,-0.352003,-0.201327,-83176.4,2.07321
0.161792,0.301918,0.126353,-0.352003,-0.201327,-85113.8,2.07321
0.161792,0.301918,0.126353,-0.352003,-0.201327,-87096.4,2.07321
0.161792,0.301918,0.126353,-0.352003,-0.201327,-89125.1,2.07321
0.161792,0.301918,0.126353,-0.352003,-0.201327,-91201.1,2.07321
0.161792,0.301918,0.126353,-0.352003,-0.201327,-93325.4,2.07321
0.161792,0.301918,0.126353,-0.352003,-0.201327,-95499.3,2.07321
0.161869,0.301956,0.126437,-0.351302,-0.199977,-77624.7,2.07321
0.161869,0.301956,0.126437,-0.351302,-0.199977,-79432.8,2.07321
0.161869,0.301956,0.126437,-0.351302,-0.199977,-81283.1,2.07321
0.161869,0.301956,0.126437,-0.351302,-0.199977,-83176.4,2.07321
0.161869,0.301956,0.126437,-0.351302,-0.199977,-85113.8,2.07321
0.161869,0.301956,0.126437,-0.351302,-0.199977,-87096.4,2.07321
0.161869,0.301956,0.126437,-0.351302,-0.199977,-89125.1,2.07321
0.161869,0.301956,0.126437,-0.351302,-0.199977,-91201.1,2.07321
0.161869,0.301956,0.126437,-0.351302,-0.199977,-93325.4,2.07321
0.161946,0.301994,0.12652,-0.350608,-0.19863,-74131.,2.07321
0.161946,0.301994,0.12652,-0.350608,-0.19863,-75857.8,2.07321
0.161946,0.301994,0.12652,-0.350608,-0.19863,-77624.7,2.07321
0.161946,0.301994,0.12652,-0.350608,-0.19863,-79432.8,2.07321
0.161946,0.301994,0.12652,-0.350608,-0.19863,-81283.1,2.07321
0.161946,0.301994,0.12652,-0.350608,-0.19863,-83176.4,2.07321
0.161946,0.301994,0.12652,-0.350608,-0.19863,-85113.8,2.07321
0.161946,0.301994,0.12652,-0.350608,-0.19863,-87096.4,2.07321
0.161946,0.301994,0.12652,-0.350608,-0.19863,-89125.1,2.07321
0.162022,0.302031,0.126603,-0.349918,-0.197287,-72443.6,2.07321
0.162022,0.302031,0.126603,-0.349918,-0.197287,-74131.,2.07321
0.162022,0.302031,0.126603,-0.349918,-0.197287,-75857.8,2.07321
0.162022,0.302031,0.126603,-0.349918,-0.197287,-77624.7,2.07321
0.162022,0.302031,0.126603,-0.349918,-0.197287,-79432.8,2.07321
0.162022,0.302031,0.126603,-0.349918,-0.197287,-81283.1,2.07321
0.162022,0.302031,0.126603,-0.349918,-0.197287,-83176.4,2.07321
0.162022,0.302031,0.126603,-0.349918,-0.197287,-85113.8,2.07321
0.162098,0.302069,0.126684,-0.349234,-0.195948,-69183.1,2.07321
0.162098,0.302069,0.126684,-0.349234,-0.195948,-70794.6,2.07321
0.162098,0.302069,0.126684,-0.349234,-0.195948,-72443.6,2.07321
0.162098,0.302069,0.126684,-0.349234,-0.195948,-74131.,2.07321
0.162098,0.302069,0.126684,-0.349234,-0.195948,-75857.8,2.07321
0.162098,0.302069,0.126684,-0.349234,-0.195948,-77624.7,2.07321
0.162098,0.302069,0.126684,-0.349234,-0.195948,-79432.8,2.07321
0.162098,0.302069,0.126684,-0.349234,-0.195948,-81283.1,2.07321
0.162173,0.302106,0.126765,-0.348555,-0.194612,-67608.3,2.07321
0.162173,0.302106,0.126765,-0.348555,-0.194612,-69183.1,2.07321
0.162173,0.302106,0.126765,-0.348555,-0.194612,-70794.6,2.07321
0.162173,0.302106,0.126765,-0.348555,-0.194612,-72443.6,2.07321
0.162173,0.302106,0.126765,-0.348555,-0.194612,-74131.,2.07321
0.162173,0.302106,0.126765,-0.348555,-0.194612,-75857.8,2.07321
0.162173,0.302106,0.126765,-0.348555,-0.194612,-77624.7,2.07321
0.162173,0.302106,0.126765,-0.348555,-0.194612,-79432.8,2.07321
0.162247,0.302142,0.126845,-0.347881,-0.19328,-66069.3,2.07321
0.162247,0.302142,0.126845,-0.347881,-0.19328,-67608.3,2.07321
0.162247,0.302142,0.126845,-0.347881,-0.19328,-69183.1,2.07321
0.162247,0.302142,0.126845,-0.347881,-0.19328,-70794.6,2.07321
0.162247,0.302142,0.126845,-0.347881,-0.19328,-72443.6,2.07321
0.162247,0.302142,0.126845,-0.347881,-0.19328,-74131.,2.07321
0.162247,0.302142,0.126845,-0.347881,-0.19328,-75857.8,2.07321
0.162321,0.302178,0.126925,-0.347213,-0.191951,-63095.7,2.07321
0.162321,0.302178,0.126925,-0.347213,-0.191951,-64565.4,2.07321
0.162321,0.302178,0.126925,-0.347213,-0.191951,-66069.3,2.07321
0.162321,0.302178,0.126925,-0.347213,-0.191951,-67608.3,2.07321
0.162321,0.302178,0.126925,-0.347213,-0.191951,-69183.1,2.07321
0.162321,0.302178,0.126925,-0.347213,-0.191951,-70794.6,2.07321
0.162321,0.302178,0.126925,-0.347213,-0.191951,-72443.6,2.07321
0.162321,0.302178,0.126925,-0.347213,-0.191951,-74131.,2.07321
0.162394,0.302214,0.127003,-0.346549,-0.190626,-61659.5,2.07321
0.162394,0.302214,0.127003,-0.346549,-0.190626,-63095.7,2.07321
0.162394,0.302214,0.127003,-0.346549,-0.190626,-64565.4,2.07321
0.162394,0.302214,0.127003,-0.346549,-0.190626,-66069.3,2.07321
0.162394,0.302214,0.127003,-0.346549,-0.190626,-67608.3,2.07321
0.162394,0.302214,0.127003,-0.346549,-0.190626,-69183.1,2.07321
0.162394,0.302214,0.127003,-0.346549,-0.190626,-70794.6,2.07321
0.162466,0.30225,0.127081,-0.345891,-0.189303,-60256.,2.07321
0.162466,0.30225,0.127081,-0.345891,-0.189303,-61659.5,2.07321
0.162466,0.30225,0.127081,-0.345891,-0.189303,-63095.7,2.07321
0.162466,0.30225,0.127081,-0.345891,-0.189303,-64565.4,2.07321
0.162466,0.30225,0.127081,-0.345891,-0.189303,-66069.3,2.07321
0.162466,0.30225,0.127081,-0.345891,-0.189303,-67608.3,2.07321
0.162466,0.30225,0.127081,-0.345891,-0.189303,-69183.1,2.07321
0.162538,0.302285,0.127159,-0.345238,-0.187985,-58884.4,2.07321
0.162538,0.302285,0.127159,-0.345238,-0.187985,-60256.,2.07321
0.162538,0.302285,0.127159,-0.345238,-0.187985,-61659.5,2.07321
0.162538,0.302285,0.127159,-0.345238,-0.187985,-63095.7,2.07321
0.162538,0.302285,0.127159,-0.345238,-0.187985,-64565.4,2.07321
0.162538,0.302285,0.127159,-0.345238,-0.187985,-66069.3,2.07321
0.162538,0.302285,0.127159,-0.345238,-0.187985,-67608.3,2.07321
0.162609,0.30232,0.127235,-0.344591,-0.186669,-57544.,2.07321
0.162609,0.30232,0.127235,-0.344591,-0.186669,-58884.4,2.07321
0.162609,0.30232,0.127235,-0.344591,-0.186669,-60256.,2.07321
0.162609,0.30232,0.127235,-0.344591,-0.186669,-61659.5,2.07321
0.162609,0.30232,0.127235,-0.344591,-0.186669,-63095.7,2.07321
0.162609,0.30232,0.127235,-0.344591,-0.186669,-64565.4,2.07321
0.16268,0.302355,0.127311,-0.343948,-0.185357,-54954.1,2.07321
0.16268,0.302355,0.127311,-0.343948,-0.185357,-56234.1,2.07321
0.16268,0.302355,0.127311,-0.343948,-0.185357,-57544.,2.07321
0.16268,0.302355,0.127311,-0.343948,-0.185357,-58884.4,2.07321
0.16268,0.302355,0.127311,-0.343948,-0.185357,-60256.,2.07321
0.16268,0.302355,0.127311,-0.343948,-0.185357,-61659.5,2.07321
0.16268,0.302355,0.127311,-0.343948,-0.185357,-63095.7,2.07321
0.16275,0.302389,0.127386,-0.34331,-0.184048,-53703.2,2.07321
0.16275,0.302389,0.127386,-0.34331,-0.184048,-54954.1,2.07321
0.16275,0.302389,0.127386,-0.34331,-0.184048,-56234.1,2.07321
0.16275,0.302389,0.127386,-0.34331,-0.184048,-57544.,2.07321
0.16275,0.302389,0.127386,-0.34331,-0.184048,-58884.4,2.07321
0.16275,0.302389,0.127386,-0.34331,-0.184048,-60256.,2.07321
0.16275,0.302389,0.127386,-0.34331,-0.184048,-61659.5,2.07321
0.162819,0.302423,0.12746,-0.342678,-0.182742,-52480.7,2.07321
0.162819,0.302423,0.12746,-0.342678,-0.182742,-53703.2,2.07321
0.162819,0.302423,0.12746,-0.342678,-0.182742,-54954.1,2.07321
0.162819,0.302423,0.12746,-0.342678,-0.182742,-56234.1,2.07321
0.162819,0.302423,0.12746,-0.342678,-0.182742,-57544.,2.07321
0.162819,0.302423,0.12746,-0.342678,-0.182742,-58884.4,2.07321
0.162819,0.302423,0.12746,-0.342678,-0.182742,-60256.,2.07321
0.162888,0.302457,0.127534,-0.34205,-0.18144,-51286.1,2.07321
0.162888,0.302457,0.127534,-0.34205,-0.18144,-52480.7,2.07321
0.162888,0.302457,0.127534,-0.34205,-0.18144,-53703.2,2.07321
0.162888,0.302457,0.127534,-0.34205,-0.18144,-54954.1,2.07321
0.162888,0.302457,0.127534,-0.34205,-0.18144,-56234.1,2.07321
0.162888,0.302457,0.127534,-0.34205,-0.18144,-57544.,2.07321
0.162956,0.30249,0.127607,-0.341427,-0.180141,-50118.7,2.07321
0.162956,0.30249,0.127607,-0.341427,-0.180141,-51286.1,2.07321
0.162956,0.30249,0.127607,-0.341427,-0.180141,-52480.7,2.07321
0.162956,0.30249,0.127607,-0.341427,-0.180141,-53703.2,2.07321
0.162956,0.30249,0.127607,-0.341427,-0.180141,-54954.1,2.07321
0.162956,0.30249,0.127607,-0.341427,-0.180141,-56234.1,2.07321
0.163024,0.302523,0.127679,-0.34081,-0.178844,-48977.9,2.07321
0.163024,0.302523,0.127679,-0.34081,-0.178844,-50118.7,2.07321
0.163024,0.302523,0.127679,-0.34081,-0.178844,-51286.1,2.07321
0.163024,0.302523,0.127679,-0.34081,-0.178844,-52480.7,2.07321
0.163024,0.302523,0.127679,-0.34081,-0.178844,-53703.2,2.07321
0.163024,0.302523,0.127679,-0.34081,-0.178844,-54954.1,2.07321
0.163091,0.302556,0.127751,-0.340197,-0.177551,-47863.,2.07321
0.163091,0.302556,0.127751,-0.340197,-0.177551,-48977.9,2.07321
0.163091,0.302556,0.127751,-0.340197,-0.177551,-50118.7,2.07321
0.163091,0.302556,0.127751,-0.340197,-0.177551,-51286.1,2.07321
0.163091,0.302556,0.127751,-0.340197,-0.177551,-52480.7,2.07321
0.163091,0.302556,0.127751,-0.340197,-0.177551,-53703.2,2.07321
0.163157,0.302589,0.127822,-0.33959,-0.176261,-46773.5,2.07321
0.163157,0.302589,0.127822,-0.33959,-0.176261,-47863.,2.07321
0.163157,0.302589,0.127822,-0.33959,-0.176261,-48977.9,2.07321
0.163157,0.302589,0.127822,-0.33959,-0.176261,-50118.7,2.07321
0.163157,0.302589,0.127822,-0.33959,-0.176261,-51286.1,2.07321
0.163157,0.302589,0.127822,-0.33959,-0.176261,-52480.7,2.07321
0.163223,0.302621,0.127892,-0.338987,-0.174974,-45708.8,2.07321
0.163223,0.302621,0.127892,-0.338987,-0.174974,-46773.5,2.07321
0.163223,0.302621,0.127892,-0.338987,-0.174974,-47863.,2.07321
0.163223,0.302621,0.127892,-0.338987,-0.174974,-48977.9,2.07321
0.163223,0.302621,0.127892,-0.338987,-0.174974,-50118.7,2.07321
0.163223,0.302621,0.127892,-0.338987,-0.174974,-51286.1,2.07321
0.163288,0.302653,0.127961,-0.338389,-0.17369,-44668.4,2.07321
0.163288,0.302653,0.127961,-0.338389,-0.17369,-45708.8,2.07321
0.163288,0.302653,0.127961,-0.338389,-0.17369,-46773.5,2.07321
0.163288,0.302653,0.127961,-0.338389,-0.17369,-47863.,2.07321
0.163288,0.302653,0.127961,-0.338389,-0.17369,-48977.9,2.07321
0.163288,0.302653,0.127961,-0.338389,-0.17369,-50118.7,2.07321
0.163353,0.302685,0.12803,-0.337796,-0.172409,-44668.4,2.07321
0.163353,0.302685,0.12803,-0.337796,-0.172409,-45708.8,2.07321
0.163353,0.302685,0.12803,-0.337796,-0.172409,-46773.5,2.07321
0.163353,0.302685,0.12803,-0.337796,-0.172409,-47863.,2.07321
0.163353,0.302685,0.12803,-0.337796,-0.172409,-48977.9,2.07321
0.163417,0.302716,0.128099,-0.337208,-0.171131,-43651.6,2.07321
0.163417,0.302716,0.128099,-0.337208,-0.171131,-44668.4,2.07321
0.163417,0.302716,0.128099,-0.337208,-0.171131,-45708.8,2.07321
0.163417,0.302716,0.128099,-0.337208,-0.171131,-46773.5,2.07321
0.163417,0.302716,0.128099,-0.337208,-0.171131,-47863.,2.07321
0.16348,0.302747,0.128166,-0.336624,-0.169856,-42658.,2.07321
0.16348,0.302747,0.128166,-0.336624,-0.169856,-43651.6,2.07321
0.16348,0.302747,0.128166,-0.336624,-0.169856,-44668.4,2.07321
0.16348,0.302747,0.128166,-0.336624,-0.169856,-45708.8,2.07321
0.16348,0.302747,0.128166,-0.336624,-0.169856,-46773.5,2.07321
0.163543,0.302778,0.128233,-0.336046,-0.168584,-41686.9,2.07321
0.163543,0.302778,0.128233,-0.336046,-0.168584,-42658.,2.07321
0.163543,0.302778,0.128233,-0.336046,-0.168584,-43651.6,2.07321
0.163543,0.302778,0.128233,-0.336046,-0.168584,-44668.4,2.07321
0.163543,0.302778,0.128233,-0.336046,-0.168584,-45708.8,2.07321
0.163606,0.302808,0.128299,-0.335472,-0.167315,-40738.,2.07321
0.163606,0.302808,0.128299,-0.335472,-0.167315,-41686.9,2.07321
0.163606,0.302808,0.128299,-0.335472,-0.167315,-42658.,2.07321
0.163606,0.302808,0.128299,-0.335472,-0.167315,-43651.6,2.07321
0.163606,0.302808,0.128299,-0.335472,-0.167315,-44668.4,2.07321
0.163668,0.302838,0.128365,-0.334903,-0.166048,-39810.7,2.07321
0.163668,0.302838,0.128365,-0.334903,-0.166048,-40738.,2.07321
0.163668,0.302838,0.128365,-0.334903,-0.166048,-41686.9,2.07321
0.163668,0.302838,0.128365,-0.334903,-0.166048,-42658.,2.07321
0.163668,0.302838,0.128365,-0.334903,-0.166048,-43651.6,2.07321
0.163729,0.302868,0.12843,-0.334339,-0.164785,-38904.5,2.07321
0.163729,0.302868,0.12843,-0.334339,-0.164785,-39810.7,2.07321
0.163729,0.302868,0.12843,-0.334339,-0.164785,-40738.,2.07321
0.163729,0.302868,0.12843,-0.334339,-0.164785,-41686.9,2.07321
0.163729,0.302868,0.12843,-0.334339,-0.164785,-42658.,2.07321
0.16379,0.302898,0.128494,-0.33378,-0.163524,-38904.5,2.07321
0.16379,0.302898,0.128494,-0.33378,-0.163524,-39810.7,2.07321
0.16379,0.302898,0.128494,-0.33378,-0.163524,-40738.,2.07321
0.16379,0.302898,0.128494,-0.33378,-0.163524,-41686.9,2.07321
0.16385,0.302927,0.128558,-0.333225,-0.162266,-38018.9,2.07321
0.16385,0.302927,0.128558,-0.333225,-0.162266,-38904.5,2.07321
0.16385,0.302927,0.128558,-0.333225,-0.162266,-39810.7,2.07321
0.16385,0.302927,0.128558,-0.333225,-0.162266,-40738.,2.07321
0.16385,0.302927,0.128558,-0.333225,-0.162266,-41686.9,2.07321
0.16391,0.302956,0.128621,-0.332675,-0.161011,-37153.5,2.07321
0.16391,0.302956,0.128621,-0.332675,-0.161011,-38018.9,2.07321
0.16391,0.302956,0.128621,-0.332675,-0.161011,-38904.5,2.07321
0.16391,0.302956,0.128621,-0.332675,-0.161011,-39810.7,2.07321
0.16391,0.302956,0.128621,-0.332675,-0.161011,-40738.,2.07321
0.163969,0.302985,0.128684,-0.33213,-0.159758,-36307.8,2.07321
0.163969,0.302985,0.128684,-0.33213,-0.159758,-37153.5,2.07321
0.163969,0.302985,0.128684,-0.33213,-0.159758,-38018.9,2.07321
0.163969,0.302985,0.128684,-0.33213,-0.159758,-38904.5,2.07321
0.163969,0.302985,0.128684,-0.33213,-0.159758,-39810.7,2.07321
0.164027,0.303013,0.128745,-0.331589,-0.158508,-36307.8,2.07321
0.164027,0.303013,0.128745,-0.331589,-0.158508,-37153.5,2.07321
0.164027,0.303013,0.128745,-0.331589,-0.158508,-38018.9,2.07321
0.164027,0.303013,0.128745,-0.331589,-0.158508,-38904.5,2.07321
0.164085,0.303042,0.128807,-0.331053,-0.157261,-35481.3,2.07321
0.164085,0.303042,0.128807,-0.331053,-0.157261,-36307.8,2.07321
0.164085,0.303042,0.128807,-0.331053,-0.157261,-37153.5,2.07321
0.164085,0.303042,0.128807,-0.331053,-0.157261,-38018.9,2.07321
0.164143,0.30307,0.128867,-0.330521,-0.156017,-34673.7,2.07321
0.164143,0.30307,0.128867,-0.330521,-0.156017,-35481.3,2.07321
0.164143,0.30307,0.128867,-0.330521,-0.156017,-36307.8,2.07321
0.164143,0.30307,0.128867,-0.330521,-0.156017,-37153.5,2.07321
0.1642,0.303097,0.128927,-0.329995,-0.154775,-33884.4,2.07321
0.1642,0.303097,0.128927,-0.329995,-0.154775,-34673.7,2.07321
0.1642,0.303097,0.128927,-0.329995,-0.154775,-35481.3,2.07321
0.1642,0.303097,0.128927,-0.329995,-0.154775,-36307.8,2.07321
0.1642,0.303097,0.128927,-0.329995,-0.154775,-37153.5,2.07321
0.164256,0.303125,0.128987,-0.329472,-0.153535,-33884.4,2.07321
0.164256,0.303125,0.128987,-0.329472,-0.153535,-34673.7,2.07321
0.164256,0.303125,0.128987,-0.329472,-0.153535,-35481.3,2.07321
0.164256,0.303125,0.128987,-0.329472,-0.153535,-36307.8,2.07321
0.164312,0.303152,0.129046,-0.328955,-0.152299,-33113.1,2.07321
0.164312,0.303152,0.129046,-0.328955,-0.152299,-33884.4,2.07321
0.164312,0.303152,0.129046,-0.328955,-0.152299,-34673.7,2.07321
0.164312,0.303152,0.129046,-0.328955,-0.152299,-35481.3,2.07321
0.164368,0.303179,0.129104,-0.328441,-0.151064,-32359.4,2.07321
0.164368,0.303179,0.129104,-0.328441,-0.151064,-33113.1,2.07321
0.164368,0.303179,0.129104,-0.328441,-0.151064,-33884.4,2.07321
0.164368,0.303179,0.129104,-0.328441,-0.151064,-34673.7,2.07321
0.164423,0.303206,0.129162,-0.327933,-0.149833,-32359.4,2.07321
0.164423,0.303206,0.129162,-0.327933,-0.149833,-33113.1,2.07321
0.164423,0.303206,0.129162,-0.327933,-0.149833,-33884.4,2.07321
0.164423,0.303206,0.129162,-0.327933,-0.149833,-34673.7,2.07321
0.164477,0.303232,0.129219,-0.327429,-0.148604,-31622.8,2.07321
0.164477,0.303232,0.129219,-0.327429,-0.148604,-32359.4,2.07321
0.164477,0.303232,0.129219,-0.327429,-0.148604,-33113.1,2.07321
0.164477,0.303232,0.129219,-0.327429,-0.148604,-33884.4,2.07321
0.164531,0.303258,0.129275,-0.326929,-0.147377,-30903.,2.07321
0.164531,0.303258,0.129275,-0.326929,-0.147377,-31622.8,2.07321
0.164531,0.303258,0.129275,-0.326929,-0.147377,-32359.4,2.07321
0.164531,0.303258,0.129275,-0.326929,-0.147377,-33113.1,2.07321
0.164584,0.303284,0.129331,-0.326434,-0.146153,-30903.,2.07321
0.164584,0.303284,0.129331,-0.326434,-0.146153,-31622.8,2.07321
0.164584,0.303284,0.129331,-0.326434,-0.146153,-32359.4,2.07321
0.164584,0.303284,0.129331,-0.326434,-0.146153,-33113.1,2.07321
0.164637,0.303309,0.129386,-0.325943,-0.144931,-30199.5,2.07321
0.164637,0.303309,0.129386,-0.325943,-0.144931,-30903.,2.07321
0.164637,0.303309,0.129386,-0.325943,-0.144931,-31622.8,2.07321
0.164637,0.303309,0.129386,-0.325943,-0.144931,-32359.4,2.07321
0.164689,0.303335,0.129441,-0.325457,-0.143711,-30199.5,2.07321
0.164689,0.303335,0.129441,-0.325457,-0.143711,-30903.,2.07321
0.164689,0.303335,0.129441,-0.325457,-0.143711,-31622.8,2.07321
0.164741,0.30336,0.129495,-0.324975,-0.142494,-29512.1,2.07321
0.164741,0.30336,0.129495,-0.324975,-0.142494,-30199.5,2.07321
0.164741,0.30336,0.129495,-0.324975,-0.142494,-30903.,2.07321
0.164741,0.30336,0.129495,-0.324975,-0.142494,-31622.8,2.07321
0.164792,0.303385,0.129549,-0.324498,-0.141279,-28840.3,2.07321
0.164792,0.303385,0.129549,-0.324498,-0.141279,-29512.1,2.07321
0.164792,0.303385,0.129549,-0.324498,-0.141279,-30199.5,2.07321
0.164792,0.303385,0.129549,-0.324498,-0.141279,-30903.,2.07321
0.164843,0.303409,0.129602,-0.324025,-0.140067,-28840.3,2.07321
0.164843,0.303409,0.129602,-0.324025,-0.140067,-29512.1,2.07321
0.164843,0.303409,0.129602,-0.324025,-0.140067,-30199.5,2.07321
0.164893,0.303434,0.129655,-0.323556,-0.138857,-28183.8,2.07321
0.164893,0.303434,0.129655,-0.323556,-0.138857,-28840.3,2.07321
0.164893,0.303434,0.129655,-0.323556,-0.138857,-29512.1,2.07321
0.164893,0.303434,0.129655,-0.323556,-0.138857,-30199.5,2.07321
0.164943,0.303458,0.129707,-0.323092,-0.137649,-28183.8,2.07321
0.164943,0.303458,0.129707,-0.323092,-0.137649,-28840.3,2.07321
0.164943,0.303458,0.129707,-0.323092,-0.137649,-29512.1,2.07321
0.164993,0.303482,0.129758,-0.322632,-0.136443,-27542.3,2.07321
0.164993,0.303482,0.129758,-0.322632,-0.136443,-28183.8,2.07321
0.164993,0.303482,0.129758,-0.322632,-0.136443,-28840.3,2.07321
0.164993,0.303482,0.129758,-0.322632,-0.136443,-29512.1,2.07321
0.165041,0.303505,0.129809,-0.322176,-0.13524,-26915.3,2.07321
0.165041,0.303505,0.129809,-0.322176,-0.13524,-27542.3,2.07321
0.165041,0.303505,0.129809,-0.322176,-0.13524,-28183.8,2.07321
0.165041,0.303505,0.129809,-0.322176,-0.13524,-28840.3,2.07321
0.16509,0.303529,0.129859,-0.321725,-0.134039,-26915.3,2.07321
0.16509,0.303529,0.129859,-0.321725,-0.134039,-27542.3,2.07321
0.16509,0.303529,0.129859,-0.321725,-0.134039,-28183.8,2.07321
0.165138,0.303552,0.129909,-0.321278,-0.13284,-26302.7,2.07321
0.165138,0.303552,0.129909,-0.321278,-0.13284,-26915.3,2.07321
0.165138,0.303552,0.129909,-0.321278,-0.13284,-27542.3,2.07321
0.165138,0.303552,0.129909,-0.321278,-0.13284,-28183.8,2.07321
0.165185,0.303575,0.129958,-0.320835,-0.131643,-26302.7,2.07321
0.165185,0.303575,0.129958,-0.320835,-0.131643,-26915.3,2.07321
0.165185,0.303575,0.129958,-0.320835,-0.131643,-27542.3,2.07321
0.165232,0.303597,0.130007,-0.320396,-0.130448,-25704.,2.07321
0.165232,0.303597,0.130007,-0.320396,-0.130448,-26302.7,2.07321
0.165232,0.303597,0.130007,-0.320396,-0.130448,-26915.3,2.07321
0.165232,0.303597,0.130007,-0.320396,-0.130448,-27542.3,2.07321
0.165278,0.30362,0.130055,-0.319962,-0.129256,-25704.,2.07321
0.165278,0.30362,0.130055,-0.319962,-0.129256,-26302.7,2.07321
0.165278,0.30362,0.130055,-0.319962,-0.129256,-26915.3,2.07321
0.165324,0.303642,0.130103,-0.319532,-0.128065,-25118.9,2.07321
0.165324,0.303642,0.130103,-0.319532,-0.128065,-25704.,2.07321
0.165324,0.303642,0.130103,-0.319532,-0.128065,-26302.7,2.07321
0.165324,0.303642,0.130103,-0.319532,-0.128065,-26915.3,2.07321
0.16537,0.303664,0.13015,-0.319107,-0.126877,-25118.9,2.07321
0.16537,0.303664,0.13015,-0.319107,-0.126877,-25704.,2.07321
0.16537,0.303664,0.13015,-0.319107,-0.126877,-26302.7,2.07321
0.165415,0.303685,0.130197,-0.318685,-0.125691,-24547.1,2.07321
0.165415,0.303685,0.130197,-0.318685,-0.125691,-25118.9,2.07321
0.165415,0.303685,0.130197,-0.318685,-0.125691,-25704.,2.07321
0.165459,0.303707,0.130243,-0.318268,-0.124506,-24547.1,2.07321
0.165459,0.303707,0.130243,-0.318268,-0.124506,-25118.9,2.07321
0.165459,0.303707,0.130243,-0.318268,-0.124506,-25704.,2.07321
0.165503,0.303728,0.130288,-0.317855,-0.123324,-23988.3,2.07321
0.165503,0.303728,0.130288,-0.317855,-0.123324,-24547.1,2.07321
0.165503,0.303728,0.130288,-0.317855,-0.123324,-25118.9,2.07321
0.165547,0.303749,0.130334,-0.317446,-0.122144,-23988.3,2.07321
0.165547,0.303749,0.130334,-0.317446,-0.122144,-24547.1,2.07321
0.165547,0.303749,0.130334,-0.317446,-0.122144,-25118.9,2.07321
0.16559,0.30377,0.130378,-0.317041,-0.120965,-23442.3,2.07321
0.16559,0.30377,0.130378,-0.317041,-0.120965,-23988.3,2.07321
0.16559,0.30377,0.130378,-0.317041,-0.120965,-24547.1,2.07321
0.165633,0.30379,0.130422,-0.31664,-0.119789,-23442.3,2.07321
0.165633,0.30379,0.130422,-0.31664,-0.119789,-23988.3,2.07321
0.165633,0.30379,0.130422,-0.31664,-0.119789,-24547.1,2.07321
0.165675,0.303811,0.130466,-0.316243,-0.118614,-22908.7,2.07321
0.165675,0.303811,0.130466,-0.316243,-0.118614,-23442.3,2.07321
0.165675,0.303811,0.130466,-0.316243,-0.118614,-23988.3,2.07321
0.165717,0.303831,0.130509,-0.315851,-0.117442,-22908.7,2.07321
0.165717,0.303831,0.130509,-0.315851,-0.117442,-23442.3,2.07321
0.165717,0.303831,0.130509,-0.315851,-0.117442,-23988.3,2.07321
0.165758,0.303851,0.130552,-0.315463,-0.116271,-22387.2,2.07321
0.165758,0.303851,0.130552,-0.315463,-0.116271,-22908.7,2.07321
0.165758,0.303851,0.130552,-0.315463,-0.116271,-23442.3,2.07321
0.165799,0.30387,0.130594,-0.315079,-0.115102,-22387.2,2.07321
0.165799,0.30387,0.130594,-0.315079,-0.115102,-22908.7,2.07321
0.165799,0.30387,0.130594,-0.315079,-0.115102,-23442.3,2.07321
0.165839,0.30389,0.130635,-0.314698,-0.113935,-21877.6,2.07321
0.165839,0.30389,0.130635,-0.314698,-0.113935,-22387.2,2.07321
0.165839,0.30389,0.130635,-0.314698,-0.113935,-22908.7,2.07321
0.165879,0.303909,0.130676,-0.314322,-0.11277,-21877.6,2.07321
0.165879,0.303909,0.130676,-0.314322,-0.11277,-22387.2,2.07321
0.165879,0.303909,0.130676,-0.314322,-0.11277,-22908.7,2.07321
0.165919,0.303928,0.130717,-0.31395,-0.111606,-21877.6,2.07321
0.165919,0.303928,0.130717,-0.31395,-0.111606,-22387.2,2.07321
0.165919,0.303928,0.130717,-0.31395,-0.111606,-22908.7,2.07321
0.165958,0.303947,0.130757,-0.313582,-0.110445,-21379.6,2.07321
0.165958,0.303947,0.130757,-0.313582,-0.110445,-21877.6,2.07321
0.165958,0.303947,0.130757,-0.313582,-0.110445,-22387.2,2.07321
0.165996,0.303965,0.130797,-0.313218,-0.109285,-21379.6,2.07321
0.165996,0.303965,0.130797,-0.313218,-0.109285,-21877.6,2.07321
0.165996,0.303965,0.130797,-0.313218,-0.109285,-22387.2,2.07321
0.166034,0.303983,0.130836,-0.312858,-0.108126,-20893.,2.07321
0.166034,0.303983,0.130836,-0.312858,-0.108126,-21379.6,2.07321
0.166034,0.303983,0.130836,-0.312858,-0.108126,-21877.6,2.07321
0.166072,0.304001,0.130875,-0.312503,-0.10697,-20893.,2.07321
0.166072,0.304001,0.130875,-0.312503,-0.10697,-21379.6,2.07321
0.166072,0.304001,0.130875,-0.312503,-0.10697,-21877.6,2.07321
0.166109,0.304019,0.130913,-0.312151,-0.105815,-20417.4,2.07321
0.166109,0.304019,0.130913,-0.312151,-0.105815,-20893.,2.07321
0.166109,0.304019,0.130913,-0.312151,-0.105815,-21379.6,2.07321
0.166146,0.304037,0.130951,-0.311803,-0.104662,-20417.4,2.07321
0.166146,0.304037,0.130951,-0.311803,-0.104662,-20893.,2.07321
0.166146,0.304037,0.130951,-0.311803,-0.104662,-21379.6,2.07321
0.166183,0.304054,0.130988,-0.311459,-0.103511,-20417.4,2.07321
0.166183,0.304054,0.130988,-0.311459,-0.103511,-20893.,2.07321
0.166219,0.304072,0.131025,-0.311119,-0.102361,-19952.6,2.07321
0.166219,0.304072,0.131025,-0.311119,-0.102361,-20417.4,2.07321
0.166219,0.304072,0.131025,-0.311119,-0.102361,-20893.,2.07321
0.166254,0.304089,0.131061,-0.310783,-0.101212,-19952.6,2.07321
0.166254,0.304089,0.131061,-0.310783,-0.101212,-20417.4,2.07321
0.166254,0.304089,0.131061,-0.310783,-0.101212,-20893.,2.07321
0.166289,0.304106,0.131097,-0.310451,-0.100066,-19498.4,2.07321
0.166289,0.304106,0.131097,-0.310451,-0.100066,-19952.6,2.07321
0.166289,0.304106,0.131097,-0.310451,-0.100066,-20417.4,2.07321
0.166324,0.304122,0.131133,-0.310122,-0.0989207,-19498.4,2.07321
0.166324,0.304122,0.131133,-0.310122,-0.0989207,-19952.6,2.07321
0.166324,0.304122,0.131133,-0.310122,-0.0989207,-20417.4,2.07321
0.166358,0.304139,0.131168,-0.309798,-0.0977772,-19498.4,2.07321
0.166358,0.304139,0.131168,-0.309798,-0.0977772,-19952.6,2.07321
0.166392,0.304155,0.131202,-0.309478,-0.0966351,-19054.6,2.07321
0.166392,0.304155,0.131202,-0.309478,-0.0966351,-19498.4,2.07321
0.166392,0.304155,0.131202,-0.309478,-0.0966351,-19952.6,2.07321
0.166425,0.304171,0.131237,-0.309161,-0.0954946,-19054.6,2.07321
0.166425,0.304171,0.131237,-0.309161,-0.0954946,-19498.4,2.07321
0.166425,0.304171,0.131237,-0.309161,-0.0954946,-19952.6,2.07321
0.166458,0.304186,0.13127,-0.308849,-0.0943556,-18620.9,2.07321
0.166458,0.304186,0.13127,-0.308849,-0.0943556,-19054.6,2.07321
0.166458,0.304186,0.13127,-0.308849,-0.0943556,-19498.4,2.07321
0.166491,0.304202,0.131303,-0.30854,-0.0932181,-18620.9,2.07321
0.166491,0.304202,0.131303,-0.30854,-0.0932181,-19054.6,2.07321
0.166491,0.304202,0.131303,-0.30854,-0.0932181,-19498.4,2.07321
0.166523,0.304217,0.131336,-0.308235,-0.092082,-18620.9,2.07321
0.166523,0.304217,0.131336,-0.308235,-0.092082,-19054.6,2.07321
0.166555,0.304233,0.131369,-0.307935,-0.0909474,-18197.,2.07321
0.166555,0.304233,0.131369,-0.307935,-0.0909474,-18620.9,2.07321
0.166555,0.304233,0.131369,-0.307935,-0.0909474,-19054.6,2.07321
0.166586,0.304248,0.1314,-0.307638,-0.0898141,-18197.,2.07321
0.166586,0.304248,0.1314,-0.307638,-0.0898141,-18620.9,2.07321
0.166586,0.304248,0.1314,-0.307638,-0.0898141,-19054.6,2.07321
0.166617,0.304262,0.131432,-0.307344,-0.0886823,-18197.,2.07321
0.166617,0.304262,0.131432,-0.307344,-0.0886823,-18620.9,2.07321
0.166647,0.304277,0.131463,-0.307055,-0.0875518,-17782.8,2.07321
0.166647,0.304277,0.131463,-0.307055,-0.0875518,-18197.,2.07321
0.166647,0.304277,0.131463,-0.307055,-0.0875518,-18620.9,2.07321
0.166677,0.304291,0.131494,-0.306769,-0.0864227,-17782.8,2.07321
0.166677,0.304291,0.131494,-0.306769,-0.0864227,-18197.,2.07321
0.166707,0.304305,0.131524,-0.306488,-0.0852949,-17782.8,2.07321
0.166707,0.304305,0.131524,-0.306488,-0.0852949,-18197.,2.07321
0.166736,0.304319,0.131553,-0.30621,-0.0841685,-17378.,2.07321
0.166736,0.304319,0.131553,-0.30621,-0.0841685,-17782.8,2.07321
0.166736,0.304319,0.131553,-0.30621,-0.0841685,-18197.,2.07321
0.166765,0.304333,0.131583,-0.305936,-0.0830433,-17378.,2.07321
0.166765,0.304333,0.131583,-0.305936,-0.0830433,-17782.8,2.07321
0.166794,0.304347,0.131612,-0.305665,-0.0819195,-17378.,2.07321
0.166794,0.304347,0.131612,-0.305665,-0.0819195,-17782.8,2.07321
0.166822,0.30436,0.13164,-0.305399,-0.0807969,-16982.4,2.07321
0.166822,0.30436,0.13164,-0.305399,-0.0807969,-17378.,2.07321
0.166822,0.30436,0.13164,-0.305399,-0.0807969,-17782.8,2.07321
0.166849,0.304373,0.131668,-0.305136,-0.0796755,-16982.4,2.07321
0.166849,0.304373,0.131668,-0.305136,-0.0796755,-17378.,2.07321
0.166876,0.304386,0.131696,-0.304877,-0.0785554,-16982.4,2.07321
0.166876,0.304386,0.131696,-0.304877,-0.0785554,-17378.,2.07321
0.166903,0.304399,0.131723,-0.304622,-0.0774364,-16595.9,2.07321
0.166903,0.304399,0.131723,-0.304622,-0.0774364,-16982.4,2.07321
0.166903,0.304399,0.131723,-0.304622,-0.0774364,-17378.,2.07321
0.16693,0.304411,0.13175,-0.30437,-0.0763187,-16595.9,2.07321
0.16693,0.304411,0.13175,-0.30437,-0.0763187,-16982.4,2.07321
